vendor,tool_name,query,result_index,api_name,title,score,table_markdown,retrieved_at
gildata,NewsDataQuery,2026年上半年促消费政策、消费品以旧换新政策变化、消费行业景气,1,资讯舆情库,"""2026年全国消费促进月暨京津冀消费季""启动 消费品以旧换新政策实施将进一步优化",0.87,"报告标题：""2026年全国消费促进月暨京津冀消费季""启动 消费品以旧换新政策实施将进一步优化；
撰写时间：2026-03-04 00:00:00；
新闻舆情来源：中国证券报
原文：商务部3月3日消息，2026年全国消费促进月暨京津冀消费季3月2日在天津市启动。商务部表示，2026年全国消费促进月暨京津冀消费季作为“购在中国”重点专题活动，将进一步优化消费品以旧换新政策实施，深化消费新业态新模式新场景，扩大优质商品和服务供给，促进首发经济、健康消费、绿色消费、智能消费，推动商旅文体健多场景融合，更好满足多样化、品质化消费需求。以旧换新政策发力今年以来，消费品以旧换新政策全面落地、精准发力，覆盖汽车、家电、数码及智能产品等重点领域，有效激活市场消费潜力，推动消费市场实现良好开局。商务部数据显示，截至2月23日，2026年消费品以旧换新惠及3112.7万人次，带动销售额2070.3亿元。智能、绿色产品需求旺盛。截至2月5日，2026年汽车以旧换新补贴申请达33.5万份，带动新车销售537.7亿元。为进一步释放政策红利，各地也纷纷出台配套举措，细化落实方案，推动以旧换新政策在地方落地生根、发挥更大效应。2月14日，河南发布《河南省2026年推动大规模设备更新和消费品以旧换新实施方案》，提出到2026年底力争完成个人消费者汽车报废和置换更新50万辆左右、家电产品以旧换新500万台左右。2月9日起，北京实施汽车以旧换新补贴新方案，补贴金额最高2万元。2月4日，湖北印发的《2026年湖北省汽车以旧换新补贴实施细则》提出，按照补贴资金“总额控制、逐月安排、均衡使用”的原则，湖北省商务厅制定全省2026年汽车以旧换新补贴资金按月使用计划，并指导各市州结合本地区支持资金规模，细化明确每周补贴资金使用计划。商务部研究院流通与消费研究所副所长关利欣表示，新一轮以旧换新政策，既保持了政策的延续性，又作出了新的动态调整，对做好2026年经济工作，促进消费和投资、供给和需求良性互动，增强国内大循环内生动力和可靠性具有重要意义。扩大优质商品和服务供给除了进一步优化消费品以旧换新政策，扩大优质商品和服务供给也是此次“购在中国”系列活动的内容之一，旨在进一步满足居民多样化、品质化消费需求。针对如何有效扩大优质供给，专家结合当前消费趋势给出具体建议。商务部国际贸易经济合作研究院流通与消费研究所所长董超表示，一方面，要抓住“两新”政策加力扩围的机遇，优化政策实施流程，稳定和扩大传统消费。另一方面，要顺应居民消费从商品消费为主向商品和服务消费并重转变的趋势，完善服务消费“1+N”政策体系。重点在文化旅游、体育健康、养老托育、餐饮住宿等领域，放宽市场准入，鼓励业态融合，培育一批服务质量好、品牌信誉高的龙头企业，增加高品质服务供给，激发服务消费潜力。在优化供给的基础上，消费场景与模式的创新同样不可或缺，这也是拉动消费、提升消费体验的重要抓手。对此，董超表示，应创新消费场景与模式，大力支持首发经济，吸引国内外知名品牌开设首店、举办首发首秀活动。深化消费新业态、新模式、新场景试点，推动商旅文体健多业态融合，如“跟着赛事去旅行”“跟着影视品美食”等。同时，利用数字化赋能，发展即时零售、数字消费、国潮消费等，打造体验式、沉浸式消费新地标，以新场景牵引新供给。",2026-08-15T21:21:06.545299+08:00
gildata,NewsDataQuery,2026年上半年促消费政策、消费品以旧换新政策变化、消费行业景气,2,资讯舆情库,商务部部长王文涛:2026年聚焦新赛道和线下实体 优化实施消费品以旧换新政策,0.83,"报告标题：商务部部长王文涛:2026年聚焦新赛道和线下实体 优化实施消费品以旧换新政策；
撰写时间：2026-01-15 18:51:00；
新闻舆情来源：证券时报·e公司
原文：人民财讯1月15日电，商务部党组书记、部长王文涛接受采访时表示，2026年，商务部将坚持惠民生和促消费紧密结合，坚持“政策+活动”双轮驱动，释放服务消费、商品消费和下沉市场消费潜力活力，将在“三个聚焦”上下功夫。聚焦新赛道和线下实体，优化实施消费品以旧换新政策。2026年的消费品以旧换新以更大力度支持绿色智能商品消费，比如家电以旧换新要求是一级能效或水效标准，购新补贴纳入智能手表手环、智能眼镜等。我们理解，换新的“新”不仅指新的商品，更是通过政策支持引导，为新产品、新技术提供更广阔市场，努力换出新赛道、新产业。我们还将积极支持线下实体零售，鼓励线下门店发挥比较优势，打造多元化消费场景，提升消费体验，推动线上线下均衡发展。",2026-08-15T21:21:06.545299+08:00
gildata,NewsDataQuery,2026年上半年促消费政策、消费品以旧换新政策变化、消费行业景气,3,资讯舆情库,"促消费政策落地 企业盈利向好,港股通消费ETF易方达(513070)指数涨近1%!",0.81,"报告标题：促消费政策落地 企业盈利向好,港股通消费ETF易方达(513070)指数涨近1%!；
撰写时间：2026-03-16 11:15:00；
新闻舆情来源：搜狐网
原文：3月16日，截至10:57，港股通消费港元指数上涨0.7%。个股方面，蒙牛乳业涨超3%，泡泡玛特、李宁、百胜中国等涨超2%，农夫山泉涨超1%，安踏体育、申洲国际等上涨。热门ETF方面，港股通消费ETF易方达(513070)当前成交额9016.22万元，换手率4.31%。消息面，2026年政府工作报告明确将“建设强大国内市场”作为首要工作任务，提出实施提振消费专项行动，安排超长期特别国债2500亿元支持消费品以旧换新，设立1000亿元财政金融协同促内需专项资金，释放消费市场潜力。东吴证券指出，政府工作报告通过金融工具支持、消费场景打造、行业限制清理等举措优化服务消费供给，同时通过增收计划、休假制度优化释放消费需求，利好港股消费板块持续复苏。国海证券指出，结合2025年以来《提振消费专项行动》《服务消费提质惠民行动》等政策持续落地，服务消费支持体系进一步成型，文旅出行作为扩内需核心抓手，2026年景气确定性显著增强。当前促消费政策导向清晰，叠加消费类企业盈利端稳步改善，港股通消费赛道的基本面支撑将持续夯实。港股通消费ETF易方达(513070)紧密跟踪中证港股通消费指数(931454.CSI)，该指数由港股通范围内流动性较好、市值较大的50只消费主题股票组成，可选消费占比超65%。港股通消费ETF易方达(513070)当前管理费率为0.15%(每年)，为全市场ETF最低水平，托管费率为0.05%(每年)，场外联接基金为(018103、018104)。",2026-08-15T21:21:06.545299+08:00
gildata,NewsDataQuery,2026年上半年促消费政策、消费品以旧换新政策变化、消费行业景气,4,资讯舆情库,"2026年31省促消费三条线索:增收,""两新""、服务消费",0.8,"报告标题：2026年31省促消费三条线索:增收,""两新""、服务消费；
撰写时间：2026-02-10 09:08:25；
新闻舆情来源：界面
原文：2025年中央经济工作会议将“坚持内需主导，建设强大国内市场”列入2026年八大重点任务内容之首，并提出深入实施提振消费专项行动等一系列促消费政策。随着省级两会的落幕，地方政府促消费路径浮出水面。界面新闻梳理31省(自治区、直辖市)2026年政府工作报告发现，各地普遍将扩内需、提振消费作为今年经济工作的首要任务，并从增收减负、优化“两新”(大规模设备更新和消费品以旧换新)政策实施、改善服务供给入手提升消费能力和消费意愿。比如，北京市表示，研究制定城乡居民增收政策，增强居民消费能力。深化国际消费中心城市建设，优化商业载体布局，提升传统商圈综合品质，补齐社区、特色街区便民服务短板。促进商品消费扩容提质，优化“两新”政策实施，落实绿色消费推进行动，支持汽车、家电等大宗消费，推动“老字号”焕发新活力。 河南省表示，深入实施提振消费专项行动，落实城乡居民增收计划、个人消费贷款财政贴息、职工带薪错峰休假等政策，加强消费者权益保护。优化实施消费品以旧换新政策，进一步完善标准、提高“得补率”。开展服务消费提质惠民行动，清理消费领域不合理限制措施，积极发展养老、家政、数字、赛事等消费型产业，培育一批高品质消费名品，增强消费品供需适配性。陕西省表示，开展提振消费专项行动，继续实施消费品以旧换新，出台节假日促进消费政策，清理消费领域不合理限制措施，深化“放心消费在三秦”行动，扩大优质商品和服务供给，释放服务消费潜力。中国银河证券首席宏观分析师张迪对界面新闻表示，从2026年地方政府工作报告来看，促消费主要线索有三：其一是落实城乡居民增收计划、个人消费贷款财政贴息、带薪错峰休假、提高城乡居民基础养老金等举措，提升居民消费能力。其二是关注服务消费，除健康、养老、托育、家政、票根经济外，谷子经济、悦己经济、国潮经济、情绪经济等新消费也是重点。其三是优化实施“两新”政策。促消费焦点从商品消费转向服务消费扩容升级根据中央经济工作会议的部署，释放服务消费潜力是今年促消费工作的一大重点。中国民生银行首席经济学家兼研究院院长温彬对界面新闻表示，许多省份促消费工作的焦点明显从传统商品消费转向服务消费的扩容与升级。文旅体育消费(“文旅+”融合)、生活服务消费(家政、养老、托育)以及首发经济、银发经济、数智消费等新兴服务消费成为共同的关键词。比如，贵州省提出，适应消费新趋势，挖掘服务消费潜力，大力发展首发经济、银发经济、演艺经济、票根经济、谷子经济、悦己经济等，因地制宜打造玩具手办、国潮IP等年轻化消费产品，推出一批非遗夜市、中医药文化夜市等主题消费场景，培育更多消费增长点。山西省提出，创新发展首发经济、夜间经济等多元消费场景，加快培育民宿经济、宠物经济等消费新业态，完善城乡商业流通体系，落实带薪错峰休假制度，充分释放假日消费潜力。浙江省提出，加快发展数智消费、悦己消费、银发经济等新型消费，扩大文旅、餐饮、康养、体育等服务消费，加快商品消费精品化国潮化时尚化发展，深入推进“品质浙货、行销天下”，打响“浙里来消费”品牌。培育更多“文旅+消费”爆款IP，拓展高速公路主题服务区消费场景，高水平办好“浙BA”、城市足球联赛，举办大型营业性演出100场、重大体育赛事200场。界面新闻梳理地方政府工作报告时发现，以“X超”等为代表的服务消费出现在不少地方政府工作报告中。比如，江苏省政府工作报告在回顾2025年时指出，文旅、赛事活动推动服务消费提质扩容，“苏超”破圈成为顶流，“跟着苏超游江苏”等品牌活动彰显引流效应，接待游客人次、游客总花费分别增长10.4%、10.2%。该省在部署2026年重点工作时表示，实施服务消费提质惠民行动，以“苏超”促进文旅体商融合发展，激发“文化+”、“旅游+”、“体育+”等消费活力。贵州省政府工作报告指出，2025年，“村超”“村 BA”等村字号活动热闹非凡;在2026年重点工作方面，再次提及开展“贵州村超”全省足球联赛等群众性体育赛事活动。湖南省政府工作报告也指出，2025年，“湘超”足球联赛精彩纷呈，带动永州等城市火爆出圈。在2026年重点工作方面，提出要持续办好“湘超”等群众体育赛事。浙商证券分析师李超表示，除“苏超”、“贵州村超、村 BA”、“湘超”等群众体育赛事外，2026年各地两会释放的服务消费发力点广泛分布在文旅演艺、入境与免税消费、新消费业态、民生服务消费、数字与科技消费、特色场景消费、宠物消费等多个领域，未来各地或将持续释放服务消费潜力。2026年社消增长目标设定更务实根据界面新闻统计，有20个省份在政府工作报告中给出了2026年社会消费品零售总额增长目标，普遍落在4%-5%之间;除个别省份如新疆明显上调目标外，大多数省份社零增长目标较上年有所下调。海南省将社零增长目标从上年的“10%以上”下调为“6%左右”，在已公布目标的省份中下调幅度最大。2025年，海南省社会消费品零售总额同比增长5%，在全国排在前列，但仅完成其年初目标的一半左右。宁夏的下调幅度也较大，从上年的“5%左右”调整为“3%左右”。根据中信证券的统计，2026年样本省份消费平均目标增速为4.7%，比2025年目标均值低1.0个百分点，原因或在于2025年消费目标完成度不高，以及2026年消费面临较高基数效应。“需求尤其是内需不足是制约当前中国经济发展的重要问题之一。内需不足不仅体现为消费偏弱，也体现为投资增速下滑。这也是2026年多数省份下调社零、固定资产投资目标增速的宏观背景之一。”张迪说。2025年，在消费品以旧换新政策带动下，全国社会消费品零售总额达50.1万亿元，首次突破50万亿元大关，比上年增长3.7%，增速比上年加快0.2个百分点。分区域看，中西部地区消费增速快于东部地区。据粤开证券研究院测算，2025年，东部、中部、西部和东北地区社会消费品零售总额分别增长3.5%、4.1%、3.8%和2.4%。但总体来看，去年社零表现仍显疲软，大多数省份未能实现年初提出的社零增长目标，消费对经济增长的贡献有待提升。广东社零总额首次被江苏超越值得一提的是，2025年，广东社零总额首次被江苏超越，排名跌至全国第二。广东经济近几年受房地产行业下行、以及经济结构转型压力拖累较大，进而影响居民收入增长和消费。广东省提出2026年社零增长5%左右的目标，并部署了一系列具体的促消费相关措施。除促进居民增收、优化实施“两新”政策、服务消费扩容升级外，广东省还表示，要大力发展网络消费以及旅游业。“培育引进更多面向全国全球市场的平台和领军企业，推动更多企业、消费者通过网络和平台实现交易，加快形成更大的线上交易规模。支持即时零售、直播电商、社交电商、循环电商、无人零售等加快发展。大力开展线上线下消费融合促销活动和到家业务，既激活本地消费、方便本地居民和外来游客的生活，又有效地满足远在天边的省外境外国外消费者的消费需求。”广东省政府工作报告称。在旅游业方面，广东省表示，要充分发挥旅游业强大的牵引带动作用。针对性推出更多分众化的优质观光游和休闲度假产品，积极开拓全国全球旅游市场。发展省际游、周边游和工业游、研学游、科技游等新业态，促进邮轮游艇旅游消费，培育夜间文旅消费场景。做大入境游。深入挖掘票根经济潜力，让游客同步享受吃住行玩多重优惠，提升全域旅游吸引力，切实把畅旺的人气转化为实实在在的经济发展动能。另一个值得关注的点是，一线城市消费增速普遍较2024年有明显的回升。其中，广州由上年的基本持平转为增长5.5%;上海由上年的负增长转为增长4.6%;深圳增长2.3%，增速较上年加快1.2个百分点;北京同比下降2.9%，跌幅较上年扩大0.2个百分点。北京市统计局在解读2025年北京消费市场运行情况时表示，社零总额反映的是消费品“零售”情况，是从卖方即消费品销售单位角度进行的统计，并不能全面反映消费需求整体情况。当前，消费市场正处于结构性调整关键阶段，商业经营模式、居民消费需求变化及生产生活方式转型升级，均对消费市场产生较大影响。下阶段，随着提振消费专项行动深入实施，居民消费能力不断增强，优质商品和服务供给持续丰富，消费场景多元融合发展，消费潜力有望进一步释放，推动消费市场向好向新发展。",2026-08-15T21:21:06.545299+08:00
gildata,NewsDataQuery,2026年上半年促消费政策、消费品以旧换新政策变化、消费行业景气,5,资讯舆情库,"透视""十五五""地方促消费新政:以旧换新扩容,拓展服务消费",0.79,"报告标题：透视""十五五""地方促消费新政:以旧换新扩容,拓展服务消费；
撰写时间：2026-05-15 18:58:04；
新闻舆情来源：21世纪经济报道（APP抢鲜报）-接口
原文：2026年是“十五五”开局之年，促消费政策密集落地。各个省区市立足自身资源禀赋与产业基础，围绕以旧换新提质扩容、打造差异化消费场景、拓展服务消费与新型消费等主线，推出一系列举措。今年5月，记者在长春看到，消费品以旧换新宣传海报被放在了商场的显著位置。“门店内几乎所有品类，包括手机、平板、智能手表、大小家电等都可以享受15%的以旧换新补贴。线上领取的补贴，线下也可以使用，在补贴的助力下，进店量、成交量都维持在高位。”一家智能家电企业工作人员告诉记者。在北京，一场场演唱会激发文旅消费潜力。“五一”假期，五月天、周华健纷纷开唱，北京超级草莓音乐节、北京钻石音乐派对等新老音乐节品牌各出奇招。北京以文商旅体展深度融合的方式，把短暂的音乐热力转化为持续的消费活力。这场面向未来的消费版图重构，正呈现出三个鲜明关键词：差异化竞争、政策精准性与新业态培育。可以预见，在“十五五”开局之年，促消费已经成为地方锻造内生动力的长期战略。以旧换新稳住大宗消费自2026年“两新”政策正式发布以来，近日，中央层面2026年第二批915亿元“两新”设备更新项目清单和资金安排已经下达，加上此前下达的936亿元，今年已累计安排“两新”设备更新资金1851亿元。在地方层面，各地纷纷加速政策落地，在严格执行国家统一补贴标准的基础上，又各自推出了配套增量政策。广东的“十五五”规划纲要提出，推行“财政补贴+企业让利+金融赋能”模式，加大对汽车、家电等大宗耐用消费品以旧换新支持力度，持续实施“广东优品购”等促消费政策，并加快汽车、电子产品、家电家具等回收体系建设。为进一步减轻经营主体垫资压力，四川的2026年“两新”政策提出，在保障财政资金安全的前提下，各地根据实际，可按不超过80%开展预拨付，预拨付比例较2025年提高10个百分点。四川还采用“补贴立减”模式，并通过S/N码管理和开机核验等方式强化风险防控，重点支持线下实体零售、提升农村地区消费便利度。今年以来，江苏、黑龙江、湖北、贵州等地还陆续启动以旧换新自主品类补贴。具体来看，江苏省将干衣机、洗碗机、扫地机器人、具身智能机器人、电动轮椅等多种智能产品纳入补贴范围。上海推出的地方自主品类补贴覆盖厨电、清洁电器、适老化家居产品等领域。其中，包含电动轮椅、外骨骼机器人在内的智能助行机类产品，补贴力度最大，明确“按扣除各环节优惠后最终销售价格的20%予以补贴，单件最高补贴不超过2000元”。黑龙江的地方自主品类补贴政策侧重引导绿色消费，对个人消费者购买符合一级能效或水效标准的吸油烟机、家用灶具、净水器、洗碗机等7类智能家居相关领域产品实施购新补贴政策。在业内人士看来，多地启动自主补贴，对厨电等行业形成政策利好，有望拉动二季度市场企稳回升。在资金分担机制上，江苏明确全省消费品以旧换新配套资金总体按照5∶5的原则实行省市共担，苏南、苏中、苏北地区省级承担比例分别为40%、50%、60%，体现了区域协调发展思路。山东的配套资金分担方案也采取了相似梯度：东部、中部、西部地区省级承担比例分别为40%、50%、60%。21世纪经济报道记者观察到，目前政策落地效果初步显现。以山东为例，2026年前两个月，全省消费品以旧换新申请补贴262.1万件，同比增长118.2%，带动销售额193.9亿元，增长29.8%，补贴资金18.7亿元，增长9.3%。各地因地制宜推出配套增量措施，有助于提高国家政策与地区实际需求的契合度，进一步激发地方主动性和创造性。商务部研究院研究员周密向21世纪经济报道记者表示，以旧换新政策迎合了居民消费偏好的变化和消费升级的需求。今年以来，外部环境变化和消费者理念的持续更新，使得绿色产品受到越来越多青睐。同时，随着人工智能等技术的快速发展，智能产品也日益流行，消费驱动效应明显。“从供给侧看，我国正着力推动经济进行绿色转型，相关消费品生产企业也在加快布局绿色智能产品。在此背景下，绿色、智能类消费品的促消费效果更为显著，不仅有效扩大了消费规模，也为企业提供了明确的发展导向。预计全年消费将延续高质量增长的方向。”周密说。拓展服务消费与新型消费如果说大宗消费稳住的是内需“基本盘”，服务消费和新型消费则代表着未来消费的方向。今年以来，重要政策和会议连续聚焦服务业。“十五五”规划纲要提出，实施服务业扩能提质行动。4月，《国务院关于推进服务业扩能提质的意见》(以下简称《意见》)印发。浙江在“十五五”规划中提出加快发展情绪、圈层、宠物、低空经济等消费业态，积极发展直播电商、即时零售;同时培育壮大首发经济，统筹推进门店首开、活动首秀、场景首建。江苏则提出大力发展情绪经济、赛事经济，创新发展宠物经济、国潮文创、冰雪运动、票根经济等新业态新模式，开发地方特色航旅融合产品。上海提出创新数字消费、绿色消费、悦己消费供给，发展交互式、沉浸式、体验式消费，促进“人工智能+消费”、知识产权衍生品消费。湖北明确提出，“十五五”时期将惠民生和促消费紧密结合，着力创新消费模式、消费场景、消费业态。重点培育首发经济，支持国内外高品质、高流量品牌来鄂开设首店;加速数智诊疗、家用机器人、低空飞行器等新型消费产品研发应用，促进“人工智能+消费”“IP+消费”深度融合，满足人民群众知识价值、情绪价值等新需求。值得注意的是，黑龙江、吉林等地在数字化与智能消费方面的积极探索也颇具代表性。黑龙江鼓励支持电商企业扩大网络零售规模，对年度新增实物网络零售额超过1000万元的电商企业，按年度新增实物网络零售额的2%给予奖励，上限300万元。吉林瞄准“十五五”期间发展绿色消费、智能消费、电商直播、夜间经济等业态，拓展游艇、赛车、民用飞行等消费新领域。与此同时，多地加快布局数字消费与绿色消费。浙江提出以县域为基本单元补齐农村冷链物流、智能售后与即时零售配送等关键服务短板，推动生鲜电商、智能家居等新型消费业态下沉，充分激活农村地区数字消费潜力。青海提出，锚定国际生态旅游目的地建设总目标，持续完善文旅发展体制机制，一体推进业态创新、产品升级、市场扩容。对于促进居民服务消费，中国服务贸易协会副秘书长李俊向21世纪经济报道记者表示，下一步可以推进服务业标准化与品牌化建设。在教育、医疗、养老、家政等重点领域加快建立国家级服务质量标准体系，同时鼓励培育一批具有全国乃至国际影响力的服务品牌。优化服务业市场准入，让市场主体更充分地竞争，让优质服务供给更快速地形成规模。同时要创新服务消费激励机制。“例如可借鉴部分地区发放服务消费券的实践，精准定向地刺激文旅、体育、养老等领域的消费需求。此外，探索将个人教育、医疗、养老等服务消费纳入更广泛的税收优惠范围，从制度层面降低居民服务消费的综合成本。”李俊说。“一地一策”激活消费活力本轮促消费政策的一大特征是，依托本地有辨识度的消费场景，通过差异化布局释放消费潜力。各地促消费部署呈现“分层建设国际、区域消费中心城市，打造梯度消费格局”的趋势。广东在“十五五”规划纲要中提出，支持广州、深圳等建设国际消费中心城市和区域消费中心城市，打造一批“食住文体游娱购”多业态融合的中心商圈和商业地标。浙江也提出，支持杭州、宁波、温州争创国际消费中心城市，培育区域消费中心城市。截至2025年10月，作为国际消费中心城市的广州累计引进首店已近1800家，举办首发活动超6000场。2021至2024年，广州首店数量年均增长25%，超600家国际品牌入驻。东北地区依托得天独厚的冰雪资源，将“冷资源”转化为“热经济”。例如，吉林的“十五五”规划建议提出“巩固发展冰雪经济，广泛开展冰雪运动”，并提出具体目标，打造世界级冰雪品牌和冰雪旅游胜地，建设具有国际影响力的冰雪经济集聚区。湖北也因地制宜，提出打造“相约春天赏樱花”“长江文化艺术季”等一批现象级消费盛事，擦亮“乐购湖北”品牌，确保“周周有活动、月月有主题”。湖南提出创新发展演艺、赛事、国潮、夜间经济等新消费模式，并促进动漫、游戏、电竞等“IP+”消费。从实践情况来看，各地在消费场景打造中显现出鲜明的区域分工：沿海发达地区侧重入境消费、跨境消费与高端消费，内陆地区侧重国潮、演艺赛事、文旅IP消费，形成各具特色的消费培育路径。不少地区的文旅部门开始主动将赛事申办、演艺审批与旅游产品打包规划。以武汉为例，以武汉马拉松为代表的城市赛事品牌，成为拉动城市经济发展的“强引擎”，据第三方机构测算，2026年武汉马拉松赛事产生的经济效益达10.15亿元，同比增长4.1%。环球旅讯数据合伙人、广州旅讯数字科技有限公司总经理李瀚明向21世纪经济报道记者表示：“赛事和演出自带极强的目的性和限时性，能够形成短时间内的脉冲式客流聚集。这种客流不仅直接贡献票房，更会成倍拉动航空铁路交通、属地住宿、餐饮、夜经济及周边游的消费，成为地方政府拉动内需、刺激区域经济的高效引擎。”目前，各地正在通过促消费形成“需求牵引供给、供给创造需求”的高水平动态平衡。在“十五五”时期，这场从量到质的消费变革才刚刚拉开序幕。",2026-08-15T21:21:06.545299+08:00
gildata,NewsDataQuery,2026年上半年促消费政策、消费品以旧换新政策变化、消费行业景气,6,资讯舆情库,"2500亿特别国债支持以旧换新,""真金白银""促消费",0.78,"报告标题：2500亿特别国债支持以旧换新,""真金白银""促消费；
撰写时间：2026-03-05 12:14:37；
新闻舆情来源：21世纪经济报道-原创
原文：3月5日上午9时，十四届全国人大四次会议在人民大会堂举行开幕会。国务院总理李强代表国务院，向十四届全国人大四次会议作政府工作报告。2026年政府工作报告提出，促进商品消费扩容升级，安排超长期特别国债2500亿元支持消费品以旧换新，优化政策实施机制。设立1000亿元财政金融协同促内需专项资金，组合运用贷款贴息、融资担保、风险补偿等方式，支持扩大内需。消费是拉动经济增长的主引擎。2025年，我国深入实施提振消费专项行动，消费市场规模稳步扩大，社会消费品零售总额首次突破50万亿元，消费对经济增长的贡献率达52%。2026年以来，消费品以旧换新政策全面落地、精准发力，覆盖汽车、家电、数码及智能产品等重点领域，有效激活市场消费潜力，推动消费市场实现良好开局。各地也纷纷出台配套举措，细化落实方案，推动以旧换新政策发挥更大效应。2月14日，河南发布《河南省2026年推动大规模设备更新和消费品以旧换新实施方案》，提出到2026年底力争完成个人消费者汽车报废和置换更新50万辆左右、家电产品以旧换新500万台左右。2月9日起，北京实施汽车以旧换新补贴新方案，补贴金额最高2万元。在以旧换新等政策助力下，春节期间广东消费市场多点开花，消费结构持续优化，服务消费供需两旺。扫地机器人等日用家电零售日均销售收入同比增长137.9%，智能手机等通信设备零售销售收入同比增长53.1%，新能源汽车销售同比增长46.8%，居民消费升级趋势明显。商务部数据显示，截至2月23日，2026年消费品以旧换新惠及3112.7万人次，带动销售额2070.3亿元。智能、绿色产品需求旺盛。截至2月5日，2026年汽车以旧换新补贴申请达33.5万份，带动新车销售537.7亿元。3月2日，2026年全国消费促进月暨京津冀消费季在天津市启动。商务部表示，2026年全国消费促进月暨京津冀消费季作为“购在中国”重点专题活动，将进一步优化消费品以旧换新政策实施，深化消费新业态新模式新场景，扩大优质商品和服务供给，促进首发经济、健康消费、绿色消费、智能消费，推动商旅文体健多场景融合，更好满足多样化、品质化消费需求。以旧换新政策是扩大内需提振消费的重要组成部分。3月4日，十四届全国人大四次会议发言人娄勤俭指出，今年，将坚持扩大内需这个战略基点，大力提振消费，推进建设强大国内市场。一方面，扩大优质消费品和服务供给。实施服务消费提质惠民行动，加快培育服务消费新增长点;优化消费品以旧换新政策，推动商品消费扩容升级;打造国际化消费环境，丰富消费场景，办好“购在中国”系列活动。另一方面，坚持惠民生和促消费紧密结合。促进高质量就业，制定实施城乡居民增收计划，增强居民消费能力。稳步推进基本公共服务均等化，完善教育、托育、养老、医疗保障体系，减少居民消费的后顾之忧。“今年，全国人大常委会将就建设国内统一大市场、扎实推进乡村全面振兴等方面开展监督，制定社会救助法、医疗保障法、托育服务法等，推动将更多资源投入民生领域，让人民群众能消费、敢消费、愿消费。”",2026-08-15T21:21:06.545299+08:00
gildata,NewsDataQuery,2026年上半年促消费政策、消费品以旧换新政策变化、消费行业景气,7,资讯舆情库,两部门关于2026年实施大规模设备更新和消费品以旧换新政策的通知,0.76,"报告标题：两部门关于2026年实施大规模设备更新和消费品以旧换新政策的通知；
撰写时间：2026-01-04 06:00:48；
新闻舆情来源：凌波微观
原文：国家发展改革委 财政部关于2026年实施 大规模设备更新和消费品以旧换新政策的通知 发改环资〔2025〕1745号 各省、自治区、直辖市人民政府，国务院各部委、各直属机构： 为全面贯彻党的二十大和二十届历次全会精神，认真落实中央经济工作会议部署，根据《推动大规模设备更新和消费品以旧换新行动方案》（国发〔2024〕7号），经国务院同意，现就2026年实施大规模设备更新和消费品以旧换新政策通知如下。 一、推进大规模设备更新 （一）支持设备更新项目。在继续支持工业、电子信息、能源电力、交通运输、物流、教育、文旅、医疗、设施农业、粮油加工、安全生产、海关查验、住宅老旧电梯、节能降碳环保等领域设备更新项目的基础上，将老旧小区加装电梯、养老机构、消防救援设施、检验检测等领域设备更新纳入支持范围，更好满足民生和安全需要。支持商业综合体、购物中心、百货店、大型超市等线下消费商业设施设备更新。优化申报条件和审核流程，进一步降低申报设备更新项目的投资额门槛，加大对中小企业设备更新的支持力度，扩大政策惠及面。 （二）支持老旧营运货车报废更新。继续支持报废国四及以下排放标准营运货车更新为低排放货车，优先支持更新为电动货车，补贴标准按照《关于实施老旧营运货车报废更新的通知》（交规划发〔2025〕17号）执行。 （三）支持新能源城市公交车更新。推动城市公交车电动化替代，继续支持新能源城市公交车及动力电池更新，补贴标准按照《2025年新能源城市公交车及动力电池更新补贴实施细则》（交办运〔2025〕4号）执行。 （四）支持老旧农机报废更新。继续支持老旧农机报废更新，补贴范围、补贴标准按照《关于实施好2025年农业机械报废更新补贴政策的通知》（农办机〔2025〕3号）执行。各地区可结合农业生产需要和农业机械化发展水平阶段，优化调整可自主选择的12个报废更新补贴农机种类。 （五）加强项目和资金全链条管理。加强项目储备、申报、审核、下达、实施和资金支付使用等全链条管理。细化完善各领域项目支持条件和审核标准，进一步强化审核把关，持续提高项目质量。综合不同行业设备平均折旧年限、技术更新周期等因素，分领域细化完善淘汰设备的最低使用年限、技术指标等定量要求，将设备折旧和最低使用年限等作为申报项目的硬性条件。严格设备淘汰和报废处置，规范资产管理，避免资源浪费。 二、实施消费品以旧换新 （六）优化资金分配。综合各地区常住人口数量、地区生产总值、汽车和家电保有量，以及消费品以旧换新政策及资金执行情况、审计发现问题等因素，系统评估地方工作成效，合理确定各地资金分配规模。重点补贴覆盖人群更广、带动效应更强的品类，注重推广绿色低碳智能产品。 （七）支持汽车报废更新。个人消费者报废登记在本人名下的乘用车，并购买纳入《减免车辆购置税的新能源汽车车型目录》的新能源乘用车或2.0升及以下排量燃油乘用车的，给予汽车报废更新补贴支持，购买新能源乘用车补贴车价的12%（最高不超过2万元）、购买2.0升及以下排量燃油乘用车补贴车价的10%（最高不超过1.5万元）。 （八）支持汽车置换更新。个人消费者转让登记在本人名下的乘用车，并购买纳入《减免车辆购置税的新能源汽车车型目录》的新能源乘用车或2.0升及以下排量燃油乘用车的，给予汽车置换更新补贴支持，购买新能源乘用车补贴车价的8%（最高不超过1.5万元）、购买2.0升及以下排量燃油乘用车补贴车价的6%（最高不超过1.3万元）。 （九）支持家电以旧换新。个人消费者购买冰箱、洗衣机、电视、空调、电脑、热水器等6类家电中1级能效或水效标准的产品，按产品销售价格的15%给予补贴，每位消费者每类产品可补贴1件，每件补贴不超过1500元。 （十）支持数码和智能产品购新。个人消费者购买手机、平板、智能手表手环、智能眼镜等4类产品（单件销售价格不超过6000元），按产品销售价格的15%给予补贴，每位消费者每类产品可补贴1件，每件补贴不超过500元。支持智能家居产品（含适老化家居产品）购新补贴，具体补贴品类、补贴标准由地方结合实际自主合理制定。 （十一）完善实施制度。落实全国统一大市场建设要求，本通知明确的汽车报废更新、汽车置换更新、6类家电以旧换新以及4类数码和智能产品购新，在全国范围执行统一的补贴标准。各地要统一规范消费品以旧换新管理制度，完善参与经营主体名单管理、产品销售价格备案、补贴资格发放、资金审核兑付等全链条实施细则。建立补贴资金预拨制度，在落实预算安排的基础上，根据企业销售和垫资情况，向相应企业或支付平台预拨部分补贴资金，缓解企业垫资压力。充分发挥不同销售渠道优势，支持线下实体零售；通过增加农村地区线下经营主体、引导线上渠道向农村地区倾斜等方式，提高农村地区消费便利度。 三、畅通回收循环利用网络 （十二）完善废旧设备和消费品回收网络。完善再生资源交投点、中转站、分拣中心三级回收体系，畅通废旧设备和消费品交售渠道。支持中国资源循环集团有限公司加快建设全国性、功能性资源回收再利用平台。支持供销合作社系统健全覆盖县以下基层的回收网络。引导“互联网＋回收”企业拓展品类，提升废旧设备和消费品回收能力。 （十三）规范二手商品交易和废旧设备再制造。鼓励“互联网＋二手”模式发展。支持有条件的地区建设集中规范的二手商品交易市场。完善旧货交易管理、评估鉴定等制度。提升废旧机电设备、汽车零部件等再制造产业水平，再制造产品质量特性和安全环保性能应不低于原型新品。 （十四）壮大资源循环利用产业。安排超长期特别国债资金支持高水平资源循环利用项目建设。加强资源循环利用重大技术装备科技攻关。推广应用再生材料。加强对报废回收拆解企业的监管，提升废旧设备回收利用规范化水平。强化生态环境执法监管，严厉打击回收拆解环节环境违法行为。持续推动落实资源回收企业向自然人报废产品出售者“反向开票”制度并加强监管。 四、发挥标准提升牵引作用 （十五）加快完善标准体系。对标国际先进水平，提升重点行业节能降碳标准和污染物排放标准，严格实施废弃电器电子产品处理污染控制技术规范。强化家电、电子等消费品能效和水效标准应用。 （十六）加强标准执行监督。严格执行机动车强制报废标准规定和车辆安全环保检验标准，依法依规淘汰达到强制报废标准的老旧汽车。鼓励达到推荐使用年限的家电产品及时报废。强化对家电、新能源汽车等重点消费品质量监督抽查，严厉打击以假充真、以次充好、以旧充新、冒充合格产品、伪造冒用能效水效标识等行为。 五、强化组织实施 （十七）加强组织领导。国家发展改革委发挥“两新”部际联席会议制度牵头部门作用，会同财政部安排超长期特别国债资金实施“两新”政策，加强统筹协调和跟踪调度。商务部、交通运输部、农业农村部等部门按职责分工制定分领域实施细则，并组织地方落实好相关领域政策。各省级人民政府要结合实际抓紧组织落实，压实各方责任，把握工作节奏，强化协调推进，持续提升“两新”政策效能。 （十八）明确资金渠道。国家发展改革委会同各有关部门安排超长期特别国债资金支持设备更新，用于落实本通知第（一）（二）（三）（四），以及（十四）条所列支持政策和符合条件的项目建设；直接向地方安排超长期特别国债资金支持消费品以旧换新，用于落实本通知第（七）（八）（九）（十）条所列支持政策。直接向地方安排的消费品以旧换新资金总体按照9:1的原则实行央地共担，东部、中部、西部地区中央承担比例分别为85%、90%、95%。各省级财政根据中央资金分配情况按比例安排配套资金，省以下经费分担办法由省级财政确定。若某地区用完中央下达的消费品以旧换新资金额度，则超出部分由该地区通过地方资金支持，中央不再负担。对存在较大规模未兑付补贴资金等问题的地区，通过适当方式加大督促或惩戒力度。截至2026年12月31日未用完的中央下达消费品以旧换新资金额度收回中央。 （十九）规范资金使用。国家发展改革委、财政部合理把握节奏，按季度分批次向地方下达超长期特别国债支持消费品以旧换新资金。各地方要分领域合理制定资金均衡使用计划，平稳有序实施消费品以旧换新政策。中央下达的超长期特别国债支持消费品以旧换新资金用于执行本通知明确的相关领域补贴政策。给予地方更多自主空间，各地按比例配套的资金，如用于落实本通知明确的汽车报废更新、汽车置换更新、6类家电以旧换新和4类数码和智能产品购新，补贴标准、组织实施方式需与本通知保持一致；如用于实施智能家居产品（含适老化家居产品）购新补贴，具体补贴品类、补贴标准由地方结合实际自主合理制定；此外，地方可在消费品以旧换新政策框架内自主合理确定补贴品类、补贴标准、组织实施方式等，鼓励优先支持能效、水效、环保水平高的产品。各地区要及时完成2025年消费品以旧换新补贴资金清算，做好相关支持政策跨年度顺畅衔接和平稳有序过渡。 （二十）加强监督管理。有关部门要按照职责分工，加强对设备更新项目实施和资金使用的全链条监管，统筹开展线上监控预警和线下实地核查，坚决防范资金分配不及时、使用迟缓、挤占挪用等问题。各省级人民政府是项目和资金管理第一责任主体，要严格管理超长期特别国债资金，开展设备更新项目日常调度和现场评估，加强消费品以旧换新资金监管；要严格执行国库集中支付制度，守牢资金使用红线底线，不得虚列支出、虚报支出、以拨代支，避免资金沉淀闲置。各地要加强跨部门数据联通共享，立足中央和地方已建成的补贴数据平台，建立商务、交通运输、农业农村、财政、公安、税务、工业和信息化等部门数据共享渠道，实现补贴资格、新能源汽车车型信息、车辆登记信息、商品发票信息、物流信息、财政资金支出信息等关键数据比对和交叉验证。对于不符合上述要求、违反财经纪律的，要及时收回资金，依法依规严肃追究相关人员责任。 （二十一）营造公平参与环境。各地要一视同仁平等对待线上、线下经营主体，以及不同所有制、不同注册地、不同规模经营主体参与大规模设备更新和消费品以旧换新。依法依规严肃处理骗补套补、“先涨后补”等违法违规行为，涉嫌犯罪的移送司法机关依法严厉查处。 （二十二）及时跟踪评估。国家发展改革委会同有关部门加强对各地区、各领域实施“两新”政策的评估指导，督促重点任务落实，及时发现问题并快速响应解决。各省级人民政府要对政策执行、项目实施、资金使用、绩效目标实现等情况开展自评自查，及时报送国家发展改革委、财政部，并将相关信息抄送交通运输部、农业农村部、商务部等部门。国家发展改革委商财政部汇总形成绩效评估报告，并将评估结果作为后续优化资金安排的重要依据。 （二十三）凝聚社会共识。各地区各有关部门要加强“两新”政策宣传解读。充分利用消费者权益热线和官方平台监督投诉功能，及时回应社会关切。通过省级政务平台或经省级政府委托并备案的第三方平台，定期汇总发布补贴使用、违规行为查处等情况，提升政策实施透明度，营造良好社会氛围。 国家发展改革委 财政部 2025年12月29日",2026-08-15T21:21:06.545299+08:00
gildata,NewsDataQuery,2026年上半年促消费政策、消费品以旧换新政策变化、消费行业景气,8,资讯舆情库,"促消费政策效果持续显现,1-2月消费同比增速回升至2.8%",0.75,"报告标题：促消费政策效果持续显现,1-2月消费同比增速回升至2.8%；
撰写时间：2026-03-16 11:20:41；
新闻舆情来源：界面
原文：国家统计局周一公布数据显示，2026年1-2月社会消费品零售总额同比增长2.8%，增速较去年12月回升1.9个百分点。按消费类型分，1-2月，商品零售额75815亿元，同比增长2.7%，涨幅较去年全年上升2.0个百分点;餐饮收入10264亿元，增长4.8%，涨幅去年全年回升2.6个百分点。针对消费增速的上行，东方金诚首席宏观分析师王青对界面新闻表示，一方面，今年“以旧换新”资金提前下达，政策机制优化，加之2025年下半年“以旧换新”资金额度持续吃紧，今年开年民众有可能更早抢用补贴额度，年初两个月促消费效应会集中体现。数据显示，1-2月，通讯器材类消费额同比增长17.8%，家用电器和音像器材类同比增长3.3%。另一方面，王青提到，今年春节假期增加1天，民众消费需求集中释放，也会对商品和服务消费增速有较强推动作用。王青表示，综合考虑今年“以旧换新”支持政策额度较上年减少500亿，但居民消费价格指数(CPI)增速加快会推高名义消费额增速，今年代表商品消费的社零增速可能与上年基本持平，而服务零售总额增速有可能升至6.0%左右。在外部不确定性明显加大的背景下，扩大内需，尤其是国内消费需求被摆在关键位置。政府工作报告起草组负责人、国务院研究室主任沈丹阳近日表示，今年的政府工作报告提出，要通过激发居民消费内生动力和促消费政策并举来提振消费，这实际上已经从大的方向上回答了如何从根本上解决“供强需弱”的问题。沈丹阳介绍，在具体措施上，形象地说，就是要用好“加、减、乘、除”四个方法。在需求侧通过增加收入来扩大需求、在供给侧增加优质产品和优质服务;减轻居民的“后顾之忧”，进一步释放消费潜力;通过财政金融协同联动，发挥乘数效应，更好带动居民消费;破除壁垒、清除障碍，进一步清理各类消费限制性措施，畅通消费循环。今年国家安排2500亿元超长期特别国债，继续支持并优化消费品以旧换新政策。重点在于支持绿色智能商品和线下实体零售，以更好地满足消费者对高品质、智能化商品的消费需求。东吴证券首席经济学家芦哲对界面新闻指出，“以旧换新”补贴资金减少并非意味着消费政策的总体收缩，而是政策重心的主动转移：从针对耐用消费品的补贴，转向更广泛的消费需求激活与生活成本优化。他进一步表示，从近期已出台的政策信号来看，2026年消费政策的着力点可能主要集中在五个维度：一是优化消费贷贴息政策;二是持续推进有奖发票等消费激励机制;三是加大对服务消费的政策支持;四是切实降低居民生活成本;五是优化有效供给。在推动供需动态平衡方面，2025年11月，工信部、商务部等六部门联合印发《关于增强消费品供需适配性进一步促进消费的实施方案》，部署多项重点任务，包括加快布局新领域新赛道、推广高效响应制造新模式、强化人工智能融合赋能等。《方案》提出，到2027年，消费品供给结构明显优化，形成3个万亿级消费领域和10个千亿级消费热点，打造一批富有文化内涵、享誉全球的高品质消费品。到2030年，供给与消费良性互动、相互促进的高质量发展格局基本形成，消费对经济增长的贡献率稳步提升。",2026-08-15T21:21:06.545299+08:00
gildata,NewsDataQuery,2026年上半年促消费政策、消费品以旧换新政策变化、消费行业景气,9,资讯舆情库,优化消费品以旧换新政策 实施推动商品消费扩容升级,0.74,"报告标题：优化消费品以旧换新政策 实施推动商品消费扩容升级；
撰写时间：2026-01-13 00:44:00；
新闻舆情来源：证券日报网
原文：日前召开的全国商务工作会议部署2026年八个方面重点工作。其中，“深入实施提振消费专项行动，打造‘购在中国’品牌”是重点工作之首，具体提出“优化消费品以旧换新政策实施，推动商品消费扩容升级”等举措。商务部数据显示，2025年，以旧换新相关商品销售额超2.6万亿元，惠及超3.6亿人次。其中，汽车以旧换新超1150万辆，家电以旧换新超1.29亿件，手机等数码产品购新超9100万部，家装厨卫“焕新”超1.2亿件，电动自行车以旧换新超1250万辆。商务部等七部门近日联合印发《关于提质增效实施2026年消费品以旧换新政策的通知》。2026年，中央继续安排超长期特别国债资金，各地按比例安排配套资金，支持消费品以旧换新政策实施。“2026年消费品以旧换新将通过优化补贴标准与范围、强化资金保障与发放效率、统筹全国市场与地方自主权等举措，进一步放大扩消费、促转型的政策红利。”中国数实融合50人论坛智库专家洪勇向《证券日报》记者表示，具体而言，政策将定额补贴调整为按车价比例进行补贴，对新能源乘用车和燃油乘用车分别给予不同比例的补贴。同时，对个人消费者购买冰箱、洗衣机、电视、空调、电脑、热水器等6类家电中1级能效或水效标准的产品，按产品销售价格的15%给予补贴，拓展智能眼镜等新品类，并赋予地方自主支持智能家居、适老化产品的空间。此外，中央将继续安排超长期特别国债资金，各地按比例配套，通过迭代升级补贴信息系统、建立补贴资金预拨制度，提高补贴发放效率和资金监管效能，确保政策红利直达消费者。苏商银行特约研究员付一夫在接受《证券日报》记者采访时表示，2025年以旧换新政策成效显著，不仅相关商品销售额大幅增长，还推动了新能源汽车、1级能效家电等优质产品的进一步普及，助力产业绿色转型，为2026年升级部署奠定基础。2026年的优化举措精准针对政策实施中的细节问题进行完善，通过政策的提质增效，为打造“购在中国”品牌、实现消费扩容升级提供强有力的支撑。谈及如何进一步推动商品消费扩容升级，洪勇认为，可从拓展消费品类、优化消费环境、创新消费模式等方面协同发力。一方面，继续支持汽车、家电等传统领域补贴政策，同时扩大至智能终端等新兴领域，培育壮大消费新动能。另一方面，可以打造国际化消费环境，发展数字消费、绿色消费、健康消费，激发下沉市场消费活力。此外，还可以通过进一步健全现代市场和流通体系，推进全国统一大市场建设，加强制度保障，优化设施载体，推动零售业创新发展，完善现代商贸流通体系，深入推进试点城市建设，从而实现商品消费的扩容升级。付一夫表示，一是进一步完善消费供给体系，聚焦“人工智能+”行动，支持智能终端、绿色低碳产品研发，鼓励企业推出适配不同人群的个性化、定制化商品;二是优化消费场景体验，升级线下商业设施设备，打造智慧商圈与体验式消费场景，同时健全农村消费网络，提升县域及农村地区消费便利度;三是强化消费生态支撑，完善废旧商品回收循环体系，加强质量与价格监管，打击假冒伪劣和“先涨后补”等行为，同时优化支付、售后等服务，降低消费顾虑，释放多层次消费潜力。",2026-08-15T21:21:06.545299+08:00
gildata,NewsDataQuery,2026年上半年促消费政策、消费品以旧换新政策变化、消费行业景气,10,资讯舆情库,商务部:将优化实施消费品以旧换新 促进家电等大宗耐用商品消费,0.74,"报告标题：商务部:将优化实施消费品以旧换新 促进家电等大宗耐用商品消费；
撰写时间：2026-01-26 16:26:05；
新闻舆情来源：第一财经
原文：据央视新闻，今天(1月26日)，国新办就2025年商务工作及运行情况举行新闻发布会。发布会上介绍，2026年商务部将深入实施提振消费专项行动，围绕出政策、办活动、优场景三个方面开展工作。一是出政策，加大惠民力度。优化实施消费品以旧换新，促进汽车、家电、数码和智能产品等大宗耐用商品消费。开展汽车流通消费改革试点，进一步释放汽车消费潜力。开展好有奖发票试点工作，上周末有奖发票试点城市名单已经开始公示了。推动出台促进首发经济等一批务实管用的政策举措。二是办活动，营造消费氛围。聚焦商品消费、服务消费和消费场景三大主题，我们将在今年组织开展20多场“购在中国”专题活动，组织15个国际化消费环境试点城市举办“城市专场”活动，支持各地举办“地方站”活动，通过主题统一、特色鲜明的活动矩阵，营造浓厚消费氛围。三是优场景，改善消费环境。加快国际消费中心城市培育建设，推进国际化消费环境建设试点和消费新业态新模式新场景试点工作，打造一批带动面广、显示度高的消费新场景，让国内外消费者乐享美好生活。",2026-08-15T21:21:06.545299+08:00
gildata,NewsDataQuery,2026年上半年促消费政策、消费品以旧换新政策变化、消费行业景气,11,资讯舆情库,"2026年开年之际促消费政策频发,消费ETF嘉实(512600)获资金关注",0.88,"报告标题：2026年开年之际促消费政策频发,消费ETF嘉实(512600)获资金关注；
撰写时间：2026-02-05 10:14:13；
新闻舆情来源：有连云
原文：2026年2月5日早盘，食品饮料、酿酒行业等板块涨幅居前，截至09:53，中证主要消费指数上涨0.86%，成分股贝泰妮上涨8.74%，华熙生物上涨6.62%，珀莱雅上涨4.69%，海大集团上涨2.37%，安琪酵母上涨2.32%。东吴证券认为，预计2026年将迎来一系列以“提供给”为核心的消费促进政策，重点在于鼓励新兴商业模式的发展，而非传统的“发券”或“呼吁”式刺激。演艺经济、游轮经济、冰雪经济、超市调改、赛事经济等新业态有望获得政策支持，推动消费行业出现丰富的结构性投资机会。服务消费将成为2026年的核心落地方向，关键词是“优质供给”与“改革”。国泰海通证券表示，2026年开年之际促消费政策频发，扩内需战略持续推进，将加速消费信心提振，推动消费需求扩张。第三方收单公司有望受益于线下消费复苏。数据显示，截至2026年1月30日，中证主要消费指数(000932)前十大权重股分别为贵州茅台、五粮液、伊利股份、牧原股份、泸州老窖、山西汾酒、温氏股份、海天味业、东鹏饮料、海大集团，前十大权重股合计占比67.37%。消费ETF嘉实(512600)跟踪中证主要消费指数，该指数汇集A股必选消费龙头，从白酒、猪肉、乳业、调味品到食品加工，全方位承包国民餐桌，其中白酒为第一大行业，权重占比超38%。这是一只含“酒”度高、但又不仅仅是白酒的消费基。场外投资者还可以通过消费ETF联接基金(009180)布局消费复苏行情。以上内容与数据，与有连云立场无关，不构成投资建议。据此操作，风险自担。",2026-08-15T21:21:06.545299+08:00
gildata,NewsDataQuery,2026年上半年促消费政策、消费品以旧换新政策变化、消费行业景气,12,资讯舆情库,上半年服务零售额同比增长5.3%，下半年促消费将加力,0.83,"报告标题：上半年服务零售额同比增长5.3%，下半年促消费将加力；
撰写时间：2026-07-15 19:31:00；
新闻舆情来源：21财经APP
原文：7月15日，国家统计局发布2026年上半年国民经济运行数据。上半年，社会消费商品和服务零售总额同比增长2.7%，其中服务零售额增长5.3%，商品零售额增长1.1%。社会消费品零售总额248722亿元，同比增长1.3%。其中，除汽车以外的消费品零售额229034亿元，增长2.8%。6月份，社会消费品零售总额42691亿元，同比增长1.0%。其中，除汽车以外的消费品零售额38900亿元，增长3.0%。值得注意的是，上半年，全国网上商品和服务零售额100715亿元，同比增长5.2%，增速明显快于大盘，展现出新活力。商品消费结构优化上半年，社会消费品零售总额248722亿元，同比增长1.3%。其中，商品零售额220467亿元，同比增长1.1%。6月社零同比增长1.0%，扭转了5月同比下降0.6%的态势。从具体类别来看，通讯器材类以14.4%的增速领跑，烟酒类增长13.2%紧随其后。基本生活类同样稳健，限额以上粮油食品类增长7.4%，服装鞋帽针纺织品类增长6.7%。化妆品类增长6.3%。汽车类同比下降12.6%，建筑及装潢材料类下降8.8%。剔除汽车后，社零增速达2.8%。在东方金诚首席宏观分析师王青看来，上半年社零增速总体放缓，主要原因是去年同期基数偏高，以旧换新等补贴政策退坡或效果减弱。为提振消费，全国多地在执行国家统一补贴标准的基础上，又各自推出了配套增量政策。例如，江苏省将干衣机、洗碗机、扫地机器人、具身智能机器人、电动轮椅等多种智能产品纳入补贴范围。黑龙江的地方自主品类补贴政策侧重引导绿色消费，对个人消费者购买符合一级能效或水效标准的吸油烟机、家用灶具、净水器、洗碗机等7类智能家居相关领域产品实施购新补贴政策。商务部研究院研究员周密向21世纪经济报道记者表示，以旧换新政策顺应了居民消费偏好的变化和消费升级的需求。今年以来，外部环境变化和消费者理念的持续更新，使得绿色产品受到越来越多的青睐。同时，随着人工智能等技术的快速发展，智能产品也日益流行，消费驱动效应明显。“从供给侧看，我国正着力推动经济绿色转型，相关消费品生产企业也在加快布局绿色智能产品。在此背景下，绿色、智能类消费品的促消费效果更为显著，不仅有效扩大了消费规模，也为企业提供了明确的发展导向。预计全年消费将延续高质量增长的方向。”周密说。服务消费增速领先随着我国发展阶段的变化，消费场景日益丰富，服务消费的需求在加速释放，日益成为消费增长的重要力量。国家统计局副局长毛盛勇在国新办发布会上建议观察中国消费情况要“从全口径去看，就是反映商品和服务零售总额的指标更完整一点”。数据印证了这一判断。上半年服务零售额同比增长5.3%，比商品零售额快4.2个百分点。文旅消费市场持续活跃，旅游咨询租赁服务类、文体休闲服务类零售额分别增长11.3%和10.4%。税收大数据显示，旅游游览和娱乐服务销售收入同比增长12.3%。服务消费支出占比也在提高，上半年居民人均服务性消费支出占居民消费支出的比重比上年同期提高了0.2个百分点。从价格端看，服务消费需求释放对价格形成有效拉动。国家统计局新闻发言人王冠华表示，上半年“五一”等节假日叠加多地中小学春假，居民出行服务需求增加，家庭游、亲子游、研学游热度不减，CPI中出行服务价格同比上涨2.4%，旅行社收费、宾馆住宿、飞机票等服务价格均呈上涨态势。7月13日，国务院正式批复《扩大消费“十五五”规划》(以下简称《规划》)。《规划》将服务消费置于扩大消费的核心位置，围绕生活服务、养老、托育、文旅、健康、体育、教育等七大领域作出部署。《规划》提出实施服务消费提质惠民行动，推动从餐饮、住宿到家政服务的全面升级。“一老一小”也是关注的重点。《规划》提出，加快健全县乡村三级养老服务网络，推动银发经济高质量发展，支持养老服务领域数智化升级。托育方面，支持托育综合服务中心、社区嵌入式托育、幼儿园托班、用人单位办托、家庭托育点等多种模式发展。《规划》还提出，深化“文旅+百业”融合发展，优化演艺产品供给，支持动漫、文创、非遗品牌发展。国家发展改革委产业所服务业研究室主任洪群联向21世纪经济报道记者表示，我国正处在消费结构向服务化、品质化加速升级的重要阶段，服务消费已成为居民消费的主引擎。推动生活性服务业扩能提质，就是稳住消费大盘、筑牢民生基础。王青向21世纪经济报道记者表示，服务消费占居民消费比重已接近“半壁江山”，且差异化、个性化特征更强，有望为整体消费提供韧性。毛盛勇直言：“大家都关心消费扩张，一方面要把商品的消费提质扩容，另一方面要深挖服务消费潜力。”新增长点涌现相较于线下消费，线上消费增速明显快于大盘。上半年全国网上商品和服务零售额100715亿元，同比增长5.2%。其中网上商品零售额64296亿元，增长4.8%;网上服务零售额36419亿元，增长6.0%。吃类(16.8%)、穿类(6.2%)、用类(1.3%)网上零售全面增长。毛盛勇在发布会上将“新消费增长点活力显现”列为消费三大特征之一。具体来看：文化体育服务平台交易额同比增长9.7%;文艺表演、博物馆等沉浸式体验类销售收入增速分别达到28.3%和24.6%;可穿戴智能设备零售额增长超过一倍，高能效等级家电零售额增长超过30%。创新零售业态蓬勃兴起。限额以上单位仓储会员店、无人值守商店零售额增长均超过25%，即时零售交易额实现两位数增长。人工智能推动消费电子产品迭代更新，上半年移动电话机、可穿戴智能设备价格分别同比上涨4.0%和2.7%。新能源汽车零售渗透率达到62.8%，连续三个月超过60%。入境消费热度不减。我国优化入境免签政策，同步优化离境退税、境外移动支付等配套服务。上半年免签入境外国人约1782万人次，同比增加30.6%。海关累计监管海南离岛免税购物金额199亿元，增长18.8%。今年5月，商务部等6部门发布《关于加力优化离境退税措施扩大入境消费的通知》(以下简称《通知》)。该文件被称为离境退税2.0版政策。对于2.0版政策，商务部研究院国际服务贸易研究所所长、研究员李俊向21世纪经济报道记者表示，政策有几大亮点：一是明确提出大幅扩围免税店和退税店，优化空间布局并增加网点数量，力争对主要城市商圈、口岸等重点区域基本实现全覆盖。二是提高了通关与退税效率。政策针对1万元以下的购物消费采取抽检方式，有助于缩短海关通关时间，有效缓解目前出境排队等候时间过长的问题。同时，推动跨省市、跨城市的互认机制等便利化措施，进一步提升整体服务效率。“可将此次离境退税2.0版政策视为优化中国整体购物消费环境的重要杠杆，该政策为国际消费中心城市建设和消费环境优化提供有力支撑。未来，还将在若干知名展会场馆设立退税点，以入境消费和离境退税为抓手，带动入境游和更广泛的消费增长，形成以点带面的积极效应。”李俊说。在专家看来，下半年促消费政策有望进一步加力。王青表示：“以旧换新政策支持资金额度有望上调，对服务消费的支持也可能从供给端向需求端倾斜，其他类似生育补贴、幼教补贴等有助于促进居民消费的政策工具也有望加码或创新，商品消费边际改善的概率较大，服务消费增速也有望企稳回升。预计今年下半年社零增速将有所加快。”展望后续，毛盛勇表示：“我国消费扩容提质具备良好的条件。下阶段，要着力提升居民的消费意愿和能力，持续优化消费环境，多措并举夯实消费增长的基础，更好释放我国超大规模市场的消费潜力。”",2026-08-15T21:21:06.545299+08:00
gildata,NewsDataQuery,2026年上半年促消费政策、消费品以旧换新政策变化、消费行业景气,13,资讯舆情库,央地联动，汽车促消费火热开局,0.78,"报告标题：央地联动，汽车促消费火热开局；
撰写时间：2026-01-12 12:04:52；
新闻舆情来源：中国汽车报
原文：日前，国家发展改革委、财政部联合发布《关于2026年实施大规模设备更新和消费品以旧换新政策的通知》（以下简称《通知》），2026年以旧换新政策赶在新年到来前明确，为新一年汽车消费吹响了号角。随后，地方积极跟进，迅速掀起促消费的大潮。山东、浙江、江西、安徽、新疆等地争先推出新一年消费品以旧换新政策，汽车促消费仍是“重头戏”。2026年汽车促消费迎来火热开局。 新一轮“两新”政策 助力车市开门红 《通知》明确，继续支持汽车报废更新和置换更新。其中，个人消费者报废登记在本人名下的乘用车，并购买纳入《减免车辆购置税的新能源汽车车型目录》的新能源乘用车或2.0升及以下排量燃油乘用车的，给予汽车报废更新补贴支持。购买新能源乘用车补贴车价的12%（最高不超过2万元），购买2.0升及以下排量燃油乘用车补贴车价的10%（最高不超过1.5万元）；个人消费者转让登记在本人名下的乘用车，并购买纳入《减免车辆购置税的新能源汽车车型目录》的新能源乘用车或2.0升及以下排量燃油乘用车的，给予汽车置换更新补贴支持，购买新能源乘用车补贴车价的8%（最高不超过1.5万元），购买2.0升及以下排量燃油乘用车补贴车价的6%（最高不超过1.3万元）。 分析《通知》内容，可以看出今年的促消费政策进行了调整和升级，对支持范围进行优化，补贴由“扩面”转向“精准”。补贴标准也进一步调整，将有限的资金补贴高质量产品。汽车促消费体现最为明显。相较于2025年的“两新”政策，新一轮“两新”政策明确向新能源汽车及2.0升及以下排量燃油车倾斜，引导消费者购买节能减排车型。“与2025年相比，2026年‘两新’政策呈现出‘精准发力，提质增效’的鲜明特征。”国家节能中心主任刘琼表示，补贴资金支出随车辆价格调节，既能稳定更新总量，又能改善补贴车型结构，减少“内卷式”、低水平的简单价格竞争。国家信息中心经济预测部副研究员袁剑琴也表示，2026年消费品以旧换新政策强化资金的精准投放，让每一分钱都花在刀刃上，充分发挥政策带动效应。 “新一轮‘两新’政策的及时出台，将对2026年车市开局起到开门红的促进作用。”中国汽车流通协会副秘书长郎学红在接受《中国汽车报》记者采访时表示，在政策推动下，2026年车市将迎来开门红。一季度，车市将实现同比正增长。2025年下半年，因为计划中的资金提前用完，一些地方不得不暂停了当年的“两新”补贴申领，这在一定程度上影响了年底汽车的终端消费。新一轮“两新”政策在新年到来前就确定发布，对稳定新一年的新车消费将起到积极的促进作用。 国家发展改革委政策研究室副主任、新闻发言人李超介绍，后续，国家发展改革委将推动政策平稳有序实施，让更多消费者和经营主体享受政策红利。中国汽车流通协会乘用车市场信息联席分会秘书长崔东树表示，2026年汽车“国补”及细则在2025年年底发布，一定程度上对冲了因新能源汽车车辆购置税政策变化带来的市场冲击。 地方积极跟进 发力汽车消费 《通知》发布后，地方积极跟进，迅速掀起促消费热潮，争先推出新一年消费品以旧换新政策，各地将促进汽车消费列为2026年促消费的重点。 2025年12月31日，江西省商务厅发布的《关于接续实施2026年消费品以旧换新政策的通告》明确，江西省2026年消费品以旧换新政策自2026年1月1日起实施。同日，河北省商务厅也发布了关于接续开展2026年消费品以旧换新工作的通知，政策覆盖汽车报废更新、汽车置换更新、家电以旧换新。政策实施时间为2026年1月1日至12月31日。 值得一提的是，2026年以旧换新政策除了补贴从“普惠”调整为“精准”等创新外，还给予地方更多自主权。《通知》明确，允许各地在政策框架内，自主确定补贴品类、标准等。在政策执行层面，允许各地区在消费品以旧换新政策框架内，使用地方安排的配套资金等。新的一年，在促进汽车消费方面地方将拥有更多主动权，以出台更加有利于促进当地汽车消费的政策措施。 1月6日，安徽省暨合肥市新能源汽车2026新春消费季启动及新能源汽车产业高质量发展推进会在合肥举行。安徽省暨合肥市新能源汽车2026新春消费季活动，将以“绿动未来、新春焕新”为主题，以“政策赋能、企业联动、场景融合”为核心，采取精准投放千万消费券、强化置换报废双重激励、引导企业加码让利、开展“汽车+票根”联动消费、搭建体验式推广平台等核心举措，全方位释放消费活力。1月4日，《山东省汽车行业稳增长工作方案》发布，强调扩大新能源汽车消费。抓好国家消费品以旧换新、新能源汽车购置税减免等政策落实，支持新能源城市公交车和动力电池更新。持续开展新能源汽车下乡。鼓励开拓汽车改装、租赁、赛事及房车露营等后市场服务和消费，打造汽车消费新模式。 从地方的行动来看，在积极落实国家“两新”政策落地，畅通申领渠道的同时，也将一如既往地对汽车消费给予大力支持，且方案各具特色。事实上，2025年，在落实国家“两新”政策资金申领的同时，很多地方都推出了省级、市级、区级等多级地方补贴，有力拉动了地方消费。 “地方促进汽车消费政策，尤其是资金补贴，与地方的财政收入、资金实力有很大关系。”郎学红指出，业内外正在积极建言汽车消费税改革，建议汽车消费税在消费环节征收并转化为地方税，就是希望能让地方能有更多的汽车消费税收入，从而让地方有更多的资金用于鼓励汽车消费。 终端市场“花式”兜底 在国家和地方促消费政策的基础上，厂商也推出了丰富多样的优惠政策，以让利消费者。相比国家“两新”政策真金白银的补贴，在消费终端，厂商推出的各种配套方案要更丰富一些，涉及汽车消费的方方面面。限时补贴新能源汽车车辆购置税、“0息”金融政策、现金优惠、价格直降等各类措施，让消费者感受到浓厚的让利销售氛围。 限时补贴新能源汽车购置税是元旦假期很多汽车品牌的重要举措。新能源汽车购置税自2026年1月1日开始减半征收（按5%税率）。为了弥补消费者的这部分支出，包括智己、极氪在内的很多新能源汽车品牌都推出了限时的购置税补贴政策，即消费者在1月1日到3日期间购买相关车型，厂商将支付5%的购置税。 承接国家“两新”政策对置换新能源汽车的补贴，厂商也希望能用各种优惠政策的叠加，刺激消费者购买新能源汽车。据不完全统计，目前已有10余个汽车品牌发布1月限时促销政策，涉及70多款车型。小米YU7推出“3年0息”金融政策；蔚来为1月锁单的萤火虫用户提供2000元的购置税补贴，或7kW交流家充桩；鸿蒙智行部分车型推出限时现金优惠方案；理想汽车L6对北京牌照推出3.8万元的专属优惠政策；埃安推出特价车；东风风神L8推出8.8元限时抢至高5000元购置税补贴和厂家1.5万元置换补贴；沃尔沃XC70推出1.4万元新能源购置税补贴等系列优惠政策；小鹏汽车门店现场购车可直接享受3000元现金优惠，叠加品牌层面的置换补贴，两项基础优惠金额合计达到6000元。 整车厂与经销商的兜底行为和促销方案，正推动2026年车市迎来开门红。以元旦小假期为例，有的门店一天卖出超10辆新能源车，有的门店试驾排到凌晨一两点。1月5日，中国汽车流通协会发布的最新一期汽车消费指数显示，2025年12月汽车消费指数为97.7，较上月回升；2026年1月汽车市场或呈回暖态势。 文：王金玉 编辑：孙焕玉 版式：李沛洋 喜欢请点亮分享、点赞、在看 给小编加个鸡腿！",2026-08-15T21:21:06.545299+08:00
gildata,NewsDataQuery,2026年上半年促消费政策、消费品以旧换新政策变化、消费行业景气,14,资讯舆情库,政策合集 | 全国住宿餐饮业促消费政策汇总（2026年3月）,0.76,"报告标题：政策合集 | 全国住宿餐饮业促消费政策汇总（2026年3月）；
撰写时间：2026-04-10 17:17:31；
新闻舆情来源：中国饭店协会
原文：受限于篇幅，图中仅展示主要政策概览。查看完整全文与其他地方政策，请前往云服务平台。部分地区政策因全文未对外公开、报道内容不详或未直接关联行业发展暂不收录。 往期 政策合集 | 全国住宿餐饮业促消费政策汇总（2026年2月） 政策合集 | 全国住宿餐饮业促消费政策汇总（2026年1月） 精彩回顾 👇 品牌活动定档4月！第十五届中国饭店文化节重磅开启文化节 | 匠心传承 与光同行 :第六届饭店工匠节定档四月！ 第四届中国海洋美食文化节暨2026民族美食文化节即将启幕（5月 · 青岛）",2026-08-15T21:21:06.545299+08:00
gildata,NewsDataQuery,2026年上半年促消费政策、消费品以旧换新政策变化、消费行业景气,15,资讯舆情库,"新年更大力度稳投资促消费,央地政策密集落地",0.72,"报告标题：新年更大力度稳投资促消费,央地政策密集落地；
撰写时间：2026-01-04 21:08:41；
新闻舆情来源：第一财经
原文：2026年的第一个工作日，上海召开2026年全市优化营商环境大会，湖北召开科技创新大会，辽宁发布《辽宁省大力优化营商环境行动方案(2026版)》……各地加力拼经济。与此同时，近期“两重”“两新”资金提前下达、国家创业投资引导基金启航、“购在中国”暨新春消费季启动，稳增长政策密集加力，以更大力度促消费、稳投资，全力实现一季度良好开局。国家发改委新闻发言人李超日前在发布会上表示，抢抓时间窗口，主动靠前发力，全力做好政策衔接、工作衔接，加快推动消费、投资、产业、民生、改革开放、绿色发展等领域系列政策出台实施。“两新”政策迎来优化1月3日，2026“购在中国”暨新春消费季启动仪式在上海举行。商务部部长王文涛介绍，2026年活动将聚焦商品消费、服务消费、消费场景三大主题，在全国举办“乐购新春”、精品消费月、国际消费季等专题活动。其中，“乐购新春”春节特别活动将围绕“吃住行游购娱”全链条，推出系列惠民举措。此外，商务部将支持各省举办“地方站”活动，并组织15个国际化消费环境建设试点城市举办“城市专场”活动。当前，多省市“国补”已上线京东、淘天、苏宁等电商平台。元旦假期期间，线下门店也迎来消费热潮。比如，北京苏宁易购门店客流环比增长超过110%，一级能效产品占比达到了92%，冰箱、洗衣机、空调等多品类环比销售额倍增。作为促消费的重要抓手，今年“两新”政策迎来优化。国家发改委和财政部联合对外发布《关于2026年实施大规模设备更新和消费品以旧换新政策的通知》，明确了“两新”政策的适用范围和补贴金额。为满足元旦、春节的消费需求，625亿元首批“国补”资金已下达。今年的“国补”在支持范围上进行了优化，进一步集中资源，着力提升覆盖人群广、带动效应强的重点消费品的“得补率”。补贴集中在汽车、家电、数码和智能产品等方面。国家信息中心研究员魏琪嘉分析，新一轮“国补”在实施机制上也更好地体现了统一性与特殊性的有机结合。比如在消费品以旧换新领域，按照全国统一大市场建设的要求，有一些明确的全国统一的补贴标准。此外，通知中还强调，如用于实施智能家居产品，具体的补贴品类、补贴标准由地方结合实际自主合理制定。这体现了我们在全国统一大市场建设要求的基础上因地制宜的重要原则。东方金诚首席宏观分析师王青对第一财经记者表示，大力提振居民消费，将是今年稳增长政策的主要发力点。2026年社会消费品零售总额增速有望从2025年的3.9%左右加快至5.0%~6.0%，服务零售额同比增速也会达到6.5%左右，较2025年加快1.2个百分点。更大力度稳投资新年伊始，多地重大项目开工。1月4日，2026年上海市杨浦区重大项目落地、重大工程推进会暨重大工程开工仪式举行。50个重点产业项目落地签约，总投资额超200亿元;9个都市工业类项目、9个科技创新产业类项目启动，总投资额约45亿元;7项重大工程集中开工，总建筑面积29.16万平方米、总投资超130亿元。为进一步扩大有效投资，国家发改委组织下达2026年提前批“两重”建设项目清单和中央预算内投资计划，共计约2950亿元，加快各类资金拨付和使用节奏。“两重”建设方面，强化“两重”性质、坚持自上而下、注重软硬结合，共安排约2200亿元，支持城市地下管网、高标准农田、三北工程、有效降低全社会物流成本等领域的281个项目，进一步突出“两重”建设的战略性、前瞻性、全局性。中央预算内投资方面，聚焦需要集中力量、持续投入、补短板调结构惠民生的公共领域，安排超过750亿元，支持城市更新、水利、生态保护修复、污染治理、节能降碳等方面的673个项目，充分发挥政府投资引导带动作用。第一财经记者还了解到，发改委近期批复或核准多个重大基础设施项目，包括广州新机场、新建湛江至海口跨海轮渡及相关线路工程等交通设施，辽宁省辽东半岛水资源配置工程、云南省丽江市南瓜坪水库工程等水利设施，浙江特高压交流环网工程、四川大渡河丹巴水电站等能源设施，以及怀柔、崖州湾实验室重大科研平台等科研设施，总投资超过4000亿元，将进一步完善我国现代基础设施体系，为“十五五”平稳开局提供有力支撑。王青表示，2026年更加积极的财政政策将推动基建投资明显加速，估计全年基建投资(宽口径)增速有望达到5.0%左右，较2025年加快5.0个百分点，充分发挥宏观经济稳定器作用。优化“两重”建设，增发专项债，用好政策性金融工具等措施，都能为基建投资提供必要的资金支持。",2026-08-15T21:21:06.545299+08:00
gildata,NewsDataQuery,2026年上半年促消费政策、消费品以旧换新政策变化、消费行业景气,16,资讯舆情库,政策将继续强调促消费、立规矩 | 评论,0.67,"报告标题：政策将继续强调促消费、立规矩 | 评论；
撰写时间：2026-01-05 17:21:33；
新闻舆情来源：中国汽车报
原文：继续优化以旧换新，强化消费供需适配，防范“内卷式”竞争，筑牢产业发展安全底线……近日，来自相关主管部门的2026年工作部署，均突出了上述主线，这也成为2026年汽车促消费、立规矩的重要指南。 就促发展而言，中央经济工作会议明确了2026年“稳中求进、提质增效”的总基调，相关政策“组合拳”紧密围绕汽车行业激发市场活力、提升产业创新能力与国际竞争力展开。 产业升级再加码。新一年汽车产业将在智能化、电动化领域加速创新，L3级自动驾驶有条件准入的“扩编”，全固态电池、飞行汽车逐步落地，以及大算力芯片、车端大模型、具身智能、人形机器人技术演进等，都将成为新一年汽车行业发展的重要标尺。同时，新的一年，汽车产业面向国际市场将坚定不移扩大开放合作，无论是产品“出海”还是国外建厂等都将呈现新局面，有望实现规模跃升、区域拓展与模式升级，加速推进“整车+零部件+技术+服务”生态协同“出海”，提升中国汽车产业在全球产业链中的地位与话语权，巩固汽车作为国民经济支柱产业的关键地位。 促进汽车市场消费，仍将是2026年汽车行业的“重头戏”，这也是拉动内需、稳定市场的关键着力点。除了新能源汽车购置税补贴按照相关规定减半之外，根据国家发展改革委、财政部印发的《关于2026年实施大规模设备更新和消费品以旧换新政策的通知》，2026年将持续支持、优化汽车以旧换新、置换更新补贴。其中，汽车定额补贴调整为按车价比例补贴，最高补贴车价的12%。由此，补贴将从普惠调整为精准“滴灌”，以提升补贴效率，挖掘新兴消费潜力。而且在提升补贴精准度的同时，还注重拓展补贴场景，探索农村市场专项补贴、商用车更新补贴等，挖掘县域经济潜力，确保政策红利直达消费者，持续释放汽车消费活力。破除限购壁垒，同样是2026年释放汽车消费潜力的另一关键举措。针对部分城市购车限制，政策提出“清理消费领域不合理限制”。由此，部分限购城市或将放宽新能源汽车指标配额。 从立规矩来看，重点将针对汽车行业发展中的痛点与隐患进行破局，筑牢产业健康发展的根基。在产业层面，《电动汽车能量消耗量限值 第1部分：乘用车》（GB36980.1-2025）国家标准于2026年1月1日起实施，《智能网联汽车组合驾驶辅助系统安全要求》等标准也有望于2026年出台，将共同构筑起汽车产业规范发展、健康发展的“基座”。而已经于2025年实施的《保障中小企业款项支付条例》，也为整零关系划出了红线。这些政策、标准相辅相成，共同为万亿元级汽车产业穿越经济周期、实现高质量转型注入“稳定器”与新动能。 在市场层面，2026年，防范“内卷式”竞争已成为多个主管部门立规矩的重点。主管部门将制定《全国统一大市场建设条例》《汽车行业价格行为合规指南》等新政策，破除各种有形和隐形市场壁垒，明确禁止低于成本价倾销、商业诋毁、地方保护主义等不正当竞争行为，为汽车市场竞争划定清晰红线。一系列配套措施同步跟进，建立汽车行业价格合规指南，使汽车行业竞争要素逐步回归正轨，从单纯的价格与流量竞争，转向技术、品质、服务等核心价值比拼。 就强化安全底线而言，筑牢“安全+合规”的双重防线更为重要。其中，《电动汽车用动力蓄电池安全要求》（GB38031-2025）将于2026年7月1日起实施，标志着新能源汽车电池安全迈入全新阶段。尤为吸睛的是，新标准首次将“不起火、不爆炸”作为强制性技术目标，取代此前“热失控后5分钟内报警”的旧规。而且，新标准显著提升了对电池结构设计与热管理系统的技术门槛。同时，有望在2026年落地的《汽车车门把手安全技术要求》国家标准则着眼于车辆日常使用安全细节，针对一些隐藏式车门把手紧急情况下不能开启的致命问题进行纠偏，大幅提升汽车使用安全性。此外，对车企和产品的监管手段也在迭代升级，汽车产品安全管理将从传统的“事后追责”逐步转变为“事前防控+事后追责”相结合，全方位守牢汽车产品的安全底线。 智能汽车数据与隐私保护，同样是汽车安全的重要组成部分。以往，在数据收集、存储、使用、传输等环节缺乏规范，使用户数据面临泄露、滥用风险，引发社会广泛关注。新的一年，按照政策要求，车企收集用户数据时必须明示用途，并取得用户单独授权，确保用户知情权与选择权。而按照相关法规，涉及汽车数据跨境传输，必须通过严格的安全评估，防止数据泄露至境外，威胁国家信息安全。由此，从汽车产品安全、数据安全到产业安全，都筑起了更为强大的“防火墙”。 实现有序发展，不仅是汽车产业2026年的主题之一，也是产业未来发展的“命门”所在。2026年，中国汽车产业面临从规模扩张到价值竞争的底层逻辑切换，随着新能源汽车渗透率不断提升，中国汽车行业的发展进入一个全新的阶段，核心动能正在从政策红利转向产品力比拼，以及以市场驱动为主的新阶段。消费者的购车决策也发生了深刻变化，从关注价格到更加注重技术配置、品牌价值、服务体验等综合因素。 汽车产业有序发展，意味着行业竞争范式重构，将从低价混战到高质量价值突围；意味着技术纵深突破，要凭借智能化与场景延伸打开新的增长空间，从中获得更多的发展机遇和竞争优势；意味着车企的全球化将从产品输出升级到生态共建的新阶段。只有实现有序发展，才能进一步提升中国汽车品牌在国际市场的地位，推动中国汽车产业与国际市场的深度融合，促进中国汽车产业在全球范围内的可持续发展。 2026年，是值得汽车业希冀的一年。当促发展的动力与立规矩的定力形成共振，当强化安全底线与实现有序发展达成辩证统一，中国汽车产业正加速向“汽车产业变革引领者”晋级跃迁。 文：赵建国 编辑：孙焕玉 版式：刘晓烨 喜欢请点亮分享、点赞、在看 给小编加个鸡腿！",2026-08-15T21:21:06.545299+08:00
gildata,NewsDataQuery,2026年上半年促消费政策、消费品以旧换新政策变化、消费行业景气,17,资讯舆情库,惠民生促消费 2026年市场火热开局,0.66,"报告标题：惠民生促消费 2026年市场火热开局；
撰写时间：2026-01-05 00:00:00；
新闻舆情来源：经济参考报
原文：从元旦假期各地举办的精彩文旅活动，到以旧换新政策带热的家电市场，再到一系列消费提振举措落地，2026年的消费市场开局便透露暖意。新年伊始，记者在北京、天津、江苏、上海等多地走访感受到，在系列惠民生促消费政策推动下，市场呈现供需两旺的发展势头，新场景、新亮点精彩纷呈，为全年促消费稳增长开了一个好头。“我特意从北京过来跨年。世纪钟前全是攒动的人头，现场被热情塞得满满当当。”家住北京的李女士告诉记者，跨年夜当晚，站在天津世纪钟旁，可以看到津湾广场组织的绚丽倒计时灯光秀，搭配与世纪钟同步的《东方红》主题音乐，新的一年在仪式感中开场了。丰富的跨年活动也带火了当地的商业。天津一家老字号饭店的负责人对记者表示，今年元旦假期客流格外爆满，3天假期每天都是下午四点就已经停止放号。不只天津，记者在上海、江苏多地走访都感受到浓浓的市场暖意。上海新世界新丸中心焕新亮相，叠加多重消费券优惠，点燃假期消费热情;在江苏无锡禅意小镇拈花湾，酷炫杂技、民乐悠扬、机器人斗舞，数百场精彩演艺同步上演，现场游客掌声不断。这股消费的热度，从节日灯火延伸到了冰雪运动。元旦假期，在江苏无锡，滨湖区一座室内滑雪场内呈现一番热“雪”沸腾景象。雪道上欢叫声此起彼伏，许多初次踏上滑雪板的游客，在一次次跌倒与站起中体验着冰雪魅力。在北京，户外则有更为广阔的滑雪天地。记者在军都山滑雪场看到，刚刚搭建完成的儿童戏雪乐园里，不少小朋友正在体验冰滑梯、雪地摩托等项目，隔壁的宠物戏雪乐园，狗狗们也在尽情撒欢。“这个雪季除了常规的雪道，我们打造的滑雪公园、儿童乐园以及宠物乐园‘三园’也同步开启，满足更多个性化需求。而消费者也给予了热烈的反响，元旦假期客流同比去年实现了翻倍。”雪场副总经理王骥在接受记者采访时难掩兴奋。这些景象汇聚成消费市场蓬勃的活力。1月4日，文化和旅游部发布的数据显示，元旦假期3天，全国国内出游1.42亿人次，国内出游总花费847.89亿元，消费活力持续释放。多个平台数据也显示，元旦假期消费者出游意愿与消费力双双提升。中国旅游研究院院长戴斌表示，新的一年，“十五五”启程，旅游加速融入城乡居民的日常生活，成为文化体验和精神享受的刚性需求。同时，个性化和品质化也已经成为推动旅游业高质量发展的全新动能。不只文旅市场火爆开年，在国补加持下，家电市场同样迎来“开门红”。元旦假期，记者走访多家北京家电卖场，以旧换新的补贴力度和机型成为销售员和顾客之间的热门话题。在Suning Max中塔店，市民陈先生选购了一台多筒烘护一体机。“原价9399的家电，在叠加了1510元门店活动让利与1183元国补优惠后，最终到手价为6706元，而且算下来每年还能省下上千元干洗费。”陈先生对记者说。2026年国补落地叠加元旦消费旺季，不少商家和平台都反映以旧换新活动带动了假期销售，政策接续也为全年吃下了“定心丸”。就在元旦前，国家发展改革委、财政部发布文件，明确2026年继续安排资金支持消费品以旧换新，并且对支持范围、补贴标准等作出规定。商务部研究院副研究员洪勇对记者表示，政策进一步优化调整，将更多数智产品和老化家居产品纳入补贴范围，将覆盖更多消费者对美好生活的需求，体现了惠民生的根本遵循。“从元旦市场表现可以清晰看到，政策不是抽象的，它直接回应了老百姓对美好生活的具体期待。”洪勇分析，无论是以旧换新的真金白银补贴，还是各地发放的消费券、文旅的提质扩容，都实实在在地降低了消费的门槛，点燃了家电、冰雪、文旅等市场的第一把火。值得注意的是，围绕群众需求，更多惠民生促消费的政策利好还在持续释放。2025年底的中央经济工作会议将“坚持内需主导，建设强大国内市场”列为2026年首要经济工作任务，提出扩大优质商品和服务供给、优化“两新”政策实施等举措。从更长时期看，“十五五”规划建议把坚持惠民生和促消费紧密结合作为重要方向，要求“以新需求引领新供给，以新供给创造新需求，促进消费和投资、供给和需求良性互动”。洪勇认为，整体来看，当前消费恢复不再依赖短期刺激，而是逐步转向“政策托底、信心修复、结构升级”并行的新阶段。“当政策把改善百姓生活作为出发点和落脚点，消费市场的回暖就有了最坚实、最持久的根基。开年的旺盛人气，为全年推动消费持续扩大开了个好头，也增添了信心。”",2026-08-15T21:21:06.545299+08:00
gildata,NewsDataQuery,2026年上半年促消费政策、消费品以旧换新政策变化、消费行业景气,18,资讯舆情库,"新春两场高层会议连续点题促消费,新政呼之欲出",0.66,"报告标题：新春两场高层会议连续点题促消费,新政呼之欲出；
撰写时间：2026-01-21 10:01:00；
新闻舆情来源：21财经APP
原文：消费，是经济活力的最直观体现。最新数据显示，2025年，我国社会消费品零售总额突破50万亿元，消费对经济增长贡献率超过一半，成为“主引擎”。这背后，是政策的持续发力，以及你我消费习惯的悄然升级。过去一年，我们的消费清单更加丰富多元。通讯器材、文化办公、体育娱乐等商品销售增长迅猛，增速均超10%。与此同时，粮油食品等基础消费稳健增长，构成了“升级”与“刚需”并行的坚实基底。消费的活力，在广袤的地区迸发。2025年，乡村市场增速快于城镇，县乡消费占社零总额比重近四成。这里，人口基数大、升级速度快，正从“买得到”向“买得好”、“享受服务”转变。1月9日的国常会提出财政金融协同促内需，对于城乡消费都是巨大助力。过去一年，我们越来越愿意为“体验”和“服务”买单，服务消费加速迈向经济增长的“主力军”。2025年，服务零售额增速跑赢商品零售，旅游、文体休闲、交通出行等服务消费持续火热。1月16日的国常会提出，加快培育服务消费新增长点。在线教育、非遗体验、银发经济、绿色消费等人们喜闻乐见的方式，将共同组成服务消费新引擎。国常会提出的落实带薪休假制度，再加上2026年春节的九天假期，将共同为消费腾出时间，稳定预期。推动消费升级，政策“真金白银”的激励功不可没。2025年，以旧换新政策加力扩围，带动了家电、家具、数码等产品更新潮。这不仅是换新，更是生活品质的升级和产业结构的优化。开年以来，连续两次国常会都聚焦消费和内需。展望2026年，促消费的“政策包”有望更加丰厚。目前，首批超长期特别国债资金已提前下达，财政支持力度有望进一步加大，范围也从耐用消费品向更广泛的领域延伸。随着城乡居民增收计划实施、带薪休假制度落实、消费环境优化，特别是服务消费潜力的深度释放，今年消费市场有望实现更快增长。",2026-08-15T21:21:06.545299+08:00
gildata,NewsDataQuery,2026年上半年促消费政策、消费品以旧换新政策变化、消费行业景气,19,资讯舆情库,政策动态｜消费品“以旧换新”补贴力度有多大？新变化影响你我,0.96,"报告标题：政策动态｜消费品“以旧换新”补贴力度有多大？新变化影响你我；
撰写时间：2024-08-11 07:56:02；
新闻舆情来源：克而瑞物管
原文：星标克而瑞物管 ↑ 每天快速直达物业专业研究 日前，国家加力支持大规模设备更新和消费品以旧换新，不仅扩大了消费品以旧换新的范围和品类，也加大了补贴力度。具体都有哪些新变化？一起来了解。 新政加力 更多真金白银惠及消费者 新一轮以旧换新加力支持政策，从三方面进行优化升级。首先，政策支持的产品范围明显扩大，从原先的家电和汽车，扩展到厨房升级改造，家庭适老化改造等不同的领域。像燃气灶、抽油烟机这类产品被纳入这次的补贴范围，更好地适应消费者多元化的消费需求。 其次，这次的政策大幅度优化了组织方式。在消费品以旧换新方面，直接向地方安排1500亿元左右超长期特别国债资金，支持地方自主实施消费品以旧换新。 此外，在补贴力度方面，这次的政策也有明显提高。比如在家电以旧换新方面，对消费者购买2级以上能效水效标准的冰箱、洗衣机、电视、空调、电脑、热水器、家用灶具、吸油烟机8类产品，给予产品销售价格15%的补贴，对购买1级能效水效标准产品的，给予产品销售价格20%的补贴。 上海为适老化改造定制“产品包” 这次的新政特别提到，各地区要重点支持旧房装修、厨卫等局部改造、居家适老化改造所用物品和材料购置，促进智能家居消费等。 目前，上海采取市场化运作与政府补贴相结合的方式，在全市开展适老化改造试点，设置居家环境适老化改造的“产品包”，老人可以从多种产品包中选择，政府还提供最高每户3000元的补贴，满足老年人的多样化改造需求。 家住上海徐汇区的刘爷爷和董奶奶都已经90岁高龄，家里卫生间的淋浴房不仅不防滑，还有30厘米高的门槛。董奶奶2016年腿脚做过手术后，就一直跨不过这道门槛，不敢独自洗澡。 为了解决两位老人的生活困难，上海市徐汇区枫林街道结合老人的身体状况、居住环境、安全需求，为老人定制了9900元的适老化淋浴间改造套餐，政府补贴3000元，算下来老人只花了6000元左右，淋浴房的门和门槛拆除了，地面做了防滑处理改造，还添加了防滑设施和扶手。趁着这次改造，两位老人把厨房和浴室的窗户也都进行了更换。 上海市民 董奶奶：装修好了以后也很方便，洗澡也很方便，我很满意，适老化改造很好，确实是给我们老年人办了实事。 据了解，上海正在试点对年满60周岁符合条件的老年人提供适老化改造补贴，每户家庭最高补贴额度为3000元，老人可以到居委会申请，居委会联合第三方提供一站式系统性改造方案，包括基础产品服务包、专项产品服务包、个性化产品服务包等多种套餐，产品库包含9大品类、近400个产品，老人可在清单里组合选择。 上海市徐汇区枫林街道办事处 朱毓育：我们居委会为老年人提供介绍套餐包，帮助受理申请，随后第三方会上门评估，最后到签约以及“产品包”全部都做完，帮助居民申请补贴，会提供这样的一站式服务。 为了让老年人沉浸式体验适老化改造带来的好处，上海推出了25家社区适老化改造体验中心，选取小户型一居室的生活场景，让老人看着实物放心选。 据了解，今年上海将推进6000户家庭适老化改造项目，较去年增加20%，目前已经完成5000户。后续还将根据老年人不同居住环境、不同身体特点和个性化需求，持续丰富产品包和产品清单，到2025年，产品清单预计达到500种。 “换新”换出市场新活力 随着以旧换新新政出台，各大企业以及线上、线下平台都推出了优惠政策吸引消费者，这也带动了主要家电家具产品销售额的增长。 最近，成都的部分家居、家电企业联合推出整屋以旧换新活动。在这家家装卖场，可以看到，前来咨询的顾客络绎不绝，很多客户都是奔着整屋更新的优惠而来的。 除了整体打包优惠外，成都的一些卖场还专门设置了家电回收网点，推出了一站式装修服务，涵盖设计、装修、家居家电换新等全流程，让消费者多得实惠少跑路。 家装卖场以旧换新项目负责人 苏文婷：采取政府加企业双重补贴模式，保证能够满足消费者一站式装修体验的同时，还能够享受到最优惠的政企双补贴。 不仅是家装卖场积极参与，各大电商平台也把以旧换新活动扩展到了线下。位于重庆市区的电商线下门店，推出以旧换新至高立减20%的补贴福利，以及买家电“买二送一”等系列优惠活动。即便是气候炎热的中午时分，在手机、冰箱、空调等热门销售区域，依然吸引了不少消费者前来咨询购物。 数据显示，今年上半年，我国网上零售额7.1万亿元，增长9.8%。数字商品、服务消费、以旧换新成为新增长点。其中，电商平台多元协同，支持40多万种商品以旧换新、300多个品类同步回收，主要平台冰箱、洗衣机、手机和电视以旧换新增长82.1%、70.4%、63.9%和54.3%。 电商平台重庆线下门店店长 孙剑：今年的“618”期间，在以旧换新政策的助力之下，有超过700个家电家居的品牌成交额同比增长超过了100%。其中空调以旧换新的成交额最高，环比增长超过200%。 - The end -",2026-08-15T21:21:06.545299+08:00
gildata,NewsDataQuery,2026年上半年促消费政策、消费品以旧换新政策变化、消费行业景气,20,资讯舆情库,新一轮消费品以旧换新政策有何不同?,0.94,"报告标题：新一轮消费品以旧换新政策有何不同?；
撰写时间：2024-05-21 00:00:00；
新闻舆情来源：上海证券报
原文：目前各地正在推动大规模消费品以旧换新。对比2009年至2012年的家电下乡、家电以旧换新，新一轮政策有什么不同?上海证券报记者梳理发现，新一轮以旧换新更强调“换优”，更强调“去旧”便利性，在政策实施过程中，强调尊重消费者意愿，精准发力。从国家层面的政策看，上一轮以旧换新政策以消费刺激为主，补贴规模为300亿元，拉动消费规模的倍数超10倍。新一轮以旧换新政策除了汽车有“全国一盘棋”的补贴政策外，家电、家居等以引导性政策为主，鼓励地方政府、企业出台配套补贴措施。从地方出台的政策看，各地总体思路相似，方式则有所不同。以家电以旧换新为例，黑龙江以及四川成都、安徽滁州等地采取的是家电消费券，定时发放、先到先得，可以直达消费者;而海南、北京等地采取的是奖励参与以旧换新的家电企业的做法，鼓励更多龙头企业推动以旧换新，“让利”消费者。从国家到地方的政策可以说是“适时”出台的。根据中国家用电器协会的团体标准，家用洗衣机、吸油烟机、热水器的安全使用年限一般为8年，家用电冰箱、房间空调器安全使用年限为10年，而很多家庭正在使用的家电产品购置于2009年以旧换新政策实施时期，目前已达到更新换代的节点。汽车、家电以旧换新思路的又一变化是更强调绿色、智能等升级类产品消费。汽车鼓励的是新能源汽车消费，各地奖励补贴的也是一定能耗标准的家电和绿色家居用品。这也是顺应我国消费升级趋势的表现。按国家统计局绝对收入标准计算，我国拥有4亿人以上的中等收入群体，是全球规模最大、最具成长性的中等收入群体，释放他们的升级型消费潜力，无疑会带来巨大的市场空间。商务部部长王文涛此前表示，以旧换新要形成“去旧更容易、换新更愿意”的有效机制。在“去旧”的便捷性改善方面，山东、宁夏等地建设了“惠循环”小程序平台，实现了线上抢券、下单，线下上门回收、现场评估、即时补贴等“一条龙”“一站式”便捷回收。有观点认为，以旧换新是想让老百姓花钱。对此，中国家电商业协会常务副秘书长吴咸建对记者说：“在实际实施过程中，充分尊重消费者意愿，大力宣传节约型消费理念。同时，也帮助老百姓评估家电的使用情况，需要换就可以优惠、便捷地换，以旧换新本质上是让老百姓获得实惠。”不难看出，目前实施的以旧换新可以让生产、流通和回收拆解的企业都“分到蛋糕”，让消费者获得实惠，让整体内需动力更强。就实施效果而言，近期黑龙江披露的一组数据显示，一季度投入汽车、数码家电、百货等政府消费券2亿元，共拉动消费约50亿元，拉动效果超过上一轮的平均水平。“虽然和上一轮以旧换新的补贴标准不同，但是家电市场的规模已经从2012年的6300多亿元增长到现在的8000多亿元。所以，在高基数之上，本轮以旧换新拉动消费的幅度会更大。”吴咸建对记者说。",2026-08-15T21:21:06.545299+08:00
gildata,NewsDataQuery,2026年上半年促消费政策、消费品以旧换新政策变化、消费行业景气,21,资讯舆情库,以旧换新政策细化调整释放更强消费动能,0.94,"报告标题：以旧换新政策细化调整释放更强消费动能；
撰写时间：2025-09-14 23:47:00；
新闻舆情来源：证券日报网
原文：近期，多地消费者在购物时留意到，以旧换新政策正围绕涉及品类、补贴方式等核心环节进行调整。相关调整不仅紧扣“往实里做”的鲜明导向，更在细节处下功夫、在变化里藏温度，将便利与关怀实实在在送到消费者手中，让政策红利更可感、更暖心。一是品类扩容，持续释放政策效能。以前提到以旧换新，大家第一反应就是换家电、换汽车。现如今，各地都在品类方面“添新”，例如部分地方把适老化改造纳入，旧的普通马桶换成智能助老马桶能拿补贴。这种变化不是简单的“加品类”，而是聚焦消费者的真实需求做调整，家里想换什么、需要换什么，政策就尽量把补贴覆盖到，进一步释放政策红利。二是补贴标准调整，把钱花在刀刃上。近期，多地针对以旧换新补贴采取“摇号”、资格券、先到先得用完即停的方式，这不是削减补贴，而是在一定的预算下提升分配效率与公平性，把有限的资金更精准地投向真实换新需求，让真正需要的人群受益。例如，“每日额度用完即止”的动态管控，能让资金均匀覆盖整个周期，提升不同时间段参与人群的公平性;摇号机制则进一步打破“拼手速”的局限，通过随机分配，让更多普通消费者有机会参与。这种调整，本质上是财政补贴提质增效的体现，通过优化分配机制，让每一笔钱都发挥最大效用，不仅维护了政策的公平性，更让“既拉动消费，又真正惠及民生”的政策初衷落地。三是财政金融联动，为政策高效落地注入强劲动力。在财政资金支持层面，相关数据显示，今年第三批用于支持消费品以旧换新的690亿元超长期特别国债资金已全部下达。按计划，第四批同等规模的690亿元资金也将于10月份如期拨付，预示着全年3000亿元资金下达计划顺利收官，为以旧换新工作提供坚实的资金保障。金融支持的同步发力，则进一步拓宽了政策实施路径。早在今年6月份，中国人民银行便联合五部门共同印发《关于金融支持提振和扩大消费的指导意见》，为消费品以旧换新提供精准金融支持，其中明确鼓励金融机构多渠道、多方式做好消费品以旧换新金融服务。此外，随着9月1日覆盖全国的个人消费贷款财政贴息政策正式落地，政策红利加速释放。这些举措不仅有效缓解了消费者的即时资金压力，更显著提升了大众参与以旧换新活动的积极性。从财政资金的精准直达，到金融服务的创新适配，各类政策工具衔接畅通、相互支撑，形成了推动以旧换新政策高效实施的强大合力，为政策目标的顺利实现筑牢了根基。总体来看，以旧换新政策的细化调整，核心是“提质效”。对消费者来说，现在不用再担心“想换的东西没补贴”“补贴领不到手”，只要有换新需求，就能找到对应的优惠;对市场来说，精准的补贴能带动更多绿色、智能产品卖出去，倒逼企业向高质量方向转型;对整个经济发展来说，通过持续释放消费潜力，为经济回升向好添一把力。",2026-08-15T21:21:06.545299+08:00
gildata,NewsDataQuery,2026年上半年促消费政策、消费品以旧换新政策变化、消费行业景气,22,资讯舆情库,新一轮以旧换新政策落地 消费活力显著提升,0.93,"报告标题：新一轮以旧换新政策落地 消费活力显著提升；
撰写时间：2026-02-09 00:33:00；
新闻舆情来源：证券日报网
原文：2026年消费品以旧换新政策全面落地后，政策效果正在加快显现。商务部最新数据显示，今年1月份，消费品以旧换新惠及1613万人次，销售汽车、家电、数码和智能产品925.6亿元。业内认为，消费品以旧换新政策很快便展现出较强消费拉动效应，表明其将在稳消费、扩内需方面持续发力。今年以旧换新政策在实施层面出现了新的变化，《商务部等7部门关于提质增效实施2026年消费品以旧换新政策的通知》提出，给予地方更多自主空间，支持新技术新产品发展。此外，允许各地区在消费品以旧换新政策框架内，使用地方安排的配套资金，自主合理确定补贴品类、补贴标准、组织实施方式等，鼓励优先支持能效、水效、环保水平高的产品。对中央下达的支持资金，除用于执行全国统一的四个领域补贴政策之外，各地还可用于支持智能家居产品(含适老化家居产品)购新补贴。在上述政策导向下，各地在补贴品类上的积极探索，呈现出因地制宜的推进特点。以江苏为例，当地在延续家电、汽车等传统补贴范围的同时，明确将扫地机器人、智能马桶等智能家居产品(含适老化家居产品)纳入补贴清单。南开大学金融学教授田利辉表示，以旧换新清单向智能眼镜、无人机等领域扩容，清晰释放了政策驱动力向“科技消费”和“品质生活”跃迁的信号。这并非简单增加补贴品类，而是对产业升级与终端消费需求升级的“撮合”。通过财政补贴降低高品质新品的“尝鲜”门槛，有助于加快市场培育，为战略性新兴产业提供早期市场验证和产品迭代反馈，从而打通“技术创新—产品成熟—市场爆发”的关键链条。工信部信息通信经济专家委员会委员盘和林表示，以旧换新国补政策扩容，既包括中央层面明确的补贴品类拓展，也体现在地方结合实际进行的补充安排，这种精准拉动并非覆盖所有消费领域，而是重点支持新型消费和新兴产业，在扩大消费规模的同时，推动产业结构优化。进一步来看，地方在补贴品类上的差异化探索，正成为以旧换新政策持续发力的重要支撑。田利辉认为，以地方补贴智能眼镜为例，其不仅能够刺激消费需求，还为本地优势产业提供了应用场景，促进了技术迭代。盘和林表示，各地差异化补贴有助于促进本地优势产业发展，形成集聚效应，提升区域产业竞争力。同时，不同地区错位布局补贴重点，有利于避免同质化竞争。业内认为，随着以旧换新政策深入推进，其在稳消费、扩内需方面将持续产生乘数效应。",2026-08-15T21:21:06.545299+08:00
gildata,NewsDataQuery,2026年上半年促消费政策、消费品以旧换新政策变化、消费行业景气,23,资讯舆情库,"从""规定动作""到""自选动作""多地加码优化消费品以旧换新",0.93,"报告标题：从""规定动作""到""自选动作""多地加码优化消费品以旧换新；
撰写时间：2026-03-24 00:04:00；
新闻舆情来源：证券日报网
原文：今年以来，全国各地的消费品以旧换新政策在执行过程中呈现出一个明显特点：在保持国家统一“规定动作”的同时，越来越多的地方政府开始根据自身情况，推出更具特色的“自选动作”。不少地方提出了可量化的目标，还有地方推出了特色的配套举措。比如，河南提出，到2026年底，力争完成个人消费者汽车报废和置换更新50万辆左右，家电产品以旧换新500万台左右，进一步释放数码和智能产品等消费潜力。同时明确，畅通回收循环利用网络，包括完善废旧设备和消费品回收网络，规范二手商品交易和废旧设备再制造，壮大资源循环利用产业。提出了“引导‘互联网+回收’企业拓展品类，提升废旧设备和消费品回收能力”“鼓励‘互联网+二手’模式发展”“支持郑州、洛阳等有条件的地区建设集中规范的二手商品交易市场”等具体举措。中国商业经济学会副会长宋向清在接受《证券日报》记者采访时表示，各地在落实国家统一政策框架基础上，因地制宜推出差异化举措，呈现品类扩围、补贴叠加、场景下沉、流程简化四大亮点：第一，围绕本地产业优势加码汽车、家电、家装厨卫等核心品类，部分地区新增智能数码、适老家居等特色品类;第二，实行国家补贴与地方配套、企业让利三重叠加，提升居民获得感;第三，面向县域与农村市场增设回收服务网点、开通流动服务车，破解基层交旧换新不便难题;第四，通过数字化平台实现补贴秒审秒兑、一站式办理，兼顾政策精准性与落地效率，让惠民举措更贴合本地消费需求。最新的成绩单也很亮眼。近期，商务部数据显示，截至目前，今年以来消费品以旧换新已经累计实现相关商品销售4762.3万件，同比增长15.3%;带动销售额达到3232.6亿元，同比增长3.2%。苏商银行特约研究员付一夫对《证券日报》记者表示，这组数据清晰表明，政策红利正加速转化为实际消费动力。首先，销量增速显著高于销售额增速，反映出政策有效激活了大众消费市场的“量增”，尤其在中低端及刚需品类中，以旧换新降低了置换门槛，促使大量潜在需求转化为实际购买行为。其次，销售额保持稳健增长，说明在“量增”基础上并未出现消费降级，部分高附加值产品通过政策引导实现了结构优化，带动了整体市场规模的扩大。此外，近5000万件的销售体量，证明了政策已形成规模化带动效应，不仅直接拉动了终端消费，也向产业链上游传导出积极信号，有效畅通了从生产到回收的国内大循环。此前，在3月2日举行的2026年全国消费促进月暨京津冀消费季启动仪式上，商务部相关负责人表示，将进一步优化消费品以旧换新政策实施。那么，围绕进一步优化消费品以旧换新政策实施，各方还需做好哪些工作?宋向清表示，下一步需政企协同、多方发力：政府层面强化部门联动与数据共享，简化补贴流程、加快资金直达，完善废旧物资回收体系，严打骗补、虚标涨价等行为;企业端优化产品供给与线下服务，推出适配换新的高性价比绿色智能商品，提升旧机评估、上门回收等便民服务;平台与渠道方搭建线上线下一体化换新场景，做好政策宣导;同时持续扩大政策覆盖，兼顾城市与农村、刚需与升级需求，推动以旧换新长效化、规范化运行，进一步释放消费潜力。付一夫建议，应注重政策衔接与预期引导。加强以旧换新与绿色消费、乡村振兴等战略的政策协同，探索将补贴与能效等级、碳积分挂钩，引导可持续消费。同时，通过稳定政策信号，给予市场稳定预期，避免消费者因担忧政策退坡而出现非理性抢购，推动形成长效、平稳的消费内生动力。",2026-08-15T21:21:06.545299+08:00
gildata,NewsDataQuery,2026年上半年促消费政策、消费品以旧换新政策变化、消费行业景气,24,资讯舆情库,贵州以旧换新优化调整以旧换新政策,0.93,"报告标题：贵州以旧换新优化调整以旧换新政策；
撰写时间：2025-08-01 17:16:04；
新闻舆情来源：电器微刊
原文：7月30日，贵州省商务厅发布《省商务厅关于优化调整消费品以旧换新政策的公告》（下称《公告》），对全省汽车置换更新、家电以旧换新及数码产品换新活动的规则进行优化调整，新政策自2025年8月1日0时起正式实施。 汽车置换更新方面，补贴比例迎来下调。其中，购买新能源乘用车的补贴从按交易发票金额的16%调整为10%，最高补贴1.5万元；购买燃油乘用车补贴从15%调整为9%，最高补贴1.3万元。补贴认定以新车机动车销售统一发票所载日期为准。 家电、数码产品换新的补贴发放规则则有三大变化。一是限额限时发放补贴券，每周五上午10:30统一投放补贴券，每人每类补贴券限领1次，先到先得，券面有效期为7个自然日，逾期未用可下周重新领取；二是实行“实名校验+滑块验证”双重验证。个人消费者手机IP定位必须在贵州省省内，才可领取补贴券；个人消费者云闪付GPS定位在贵州省省内，方可使用核销补贴券；三是明确送货时限，送货期限为完成交易后的三个月，超期未送货的不予发放补贴。 《公告》特别说明，本次政策调整仅涉及汽车置换更新、家电以旧换新和数码换新活动中的补贴标准及发放规则，其余内容继续按原活动规则执行。贵州省现行的汽车报废更新、家居换新及电动自行车以旧换新补贴政策均保持不变，继续按原规定执行。 （来源：贵州日报）",2026-08-15T21:21:06.545299+08:00
gildata,NewsDataQuery,2026年上半年促消费政策、消费品以旧换新政策变化、消费行业景气,25,资讯舆情库,消费调查：以旧换新政策对消费行为影响明显,0.89,"报告标题：消费调查：以旧换新政策对消费行为影响明显；
撰写时间：2024-08-07 17:33:12；
新闻舆情来源：中国家电网
原文：由中国中小商业企业协会与立信数据研究院携手开展的中国消费者消费意愿调查2024年二季度调查数据近日在重庆发布。调查结果显示，消费品以旧换新政策对消费行为影响很大，知晓该政策的消费者中，通过以旧换新方式购买商品的消费者比重高达72.9%，彰显了这项政策促进消费的有效性。但值得关注的是，调查数据显示近半数消费者尚不知晓这一相关政策，凸显促进消费的相关举措需加大宣传力度才能真正实现政策的初衷。 针对当前消费品以旧换新政策实施后的效果，调查显示，51.9%的消费者表示知晓该政策，仍有接近一半(48.1%)的消费者尚不知道国家出台了这方面政策，其中西部(50.2%)和东北地区(51.5%)消费者超过一半不了解该政策。 在知晓该政策的消费者中，通过以旧换新方式购买了商品的消费者比重高达72.9%，表明政策的影响力不容小觑。就区域而言，城市消费者参与以旧换新购买活动的比重(72.9%)与农村消费者(72.9%)持平;从收入水平来看，高收入消费者参与活动的比重(76.5%)高于中等收入(71.9%)和低收入(72.5%)消费者。 在以旧换新购买的商品中，家电以43.4%的占比位居榜首，手机等电子产品以37.2%的比例紧随其后，汽车则以18.7%的比重位列第三。家电作为生活必需品，其更新换代需求旺盛;手机等电子产品因技术迭代迅速，消费者对新品的追求促使其成为以旧换新的热门选项。 关于消费者未来半年内打算通过以旧换新购买的商品，手机、电脑或其他电子产品以17.8%的比重排在首位，家电以17.1%的比重位居第二，其他消费品以11.6%的比重位居第三。这一结果表明，消费者对于电子产品和家电的更新需求依旧强烈，同时也反映出随着消费观念的转变，其他消费品的以旧换新市场潜力逐步显现。 关于消费者通过以旧换新活动享受到的优惠，调查结果显示，超过一半(54.1%)的消费者表示获得1000元以内的优惠，其中接近三成获得500元以内的优惠;不到一半(45.9%)的消费者获得了1000元以上的优惠，其中二成左右(20.8%)的消费者获得了2000元以上的优惠，略超一成(11.8%)的消费者获得了3000元以上的优惠。 从消费者期望来看，调查结果显示，超过八成(80.5%)的消费者期望的优惠在1000元以上，其中接近半数(47.3%)期望优惠2000元以上，约三分之一(33.0%)期望优惠3000元以上。这表明，多数消费者享受到的优惠在1000元以内，与他们的期望值(大多数希望优惠1000元以上)还存在一定差距。 立信数据研究院院长潘建成博士等业内人士建议，一是加大消费品以旧换新政策宣传推广力度，多种渠道进行宣传，提高政策的曝光度。以通俗易懂的方式向消费者解读政策内容和优惠措施，让消费者更容易了解政策并参与活动。二是加大财政政策支持力度，提高优惠力度，在消费意愿有所下滑的背景下，适时向消费者发放消费券，增加现金补贴、赠品等形式，以直接推动消费循环加速。三是丰富商品种类和服务，提供更加便捷的上门回收和安装等服务，提升消费者以旧换新的购物体验。 作者丨王松涛 来源丨经济参考报",2026-08-15T21:21:06.545299+08:00
gildata,NewsDataQuery,2026年上半年促消费政策、消费品以旧换新政策变化、消费行业景气,26,资讯舆情库,以旧换新政策提振居民消费的效果正逐渐显现,0.89,"报告标题：以旧换新政策提振居民消费的效果正逐渐显现；
撰写时间：2025-01-05 15:14:00；
新闻舆情来源：中证金牛座
原文：消费品以旧换新政策对于满足百姓高品质生活需求、释放消费潜力、带动产业升级、畅通经济循环具有重要意义，政策自去年实施以来，对居民消费的提振效果正在逐渐显现，汽车报废和置换更新、家电以旧换新等明显增加。2024年以来，我国消费结构不断优化升级，呈现多点开花特征。一是出行、文旅等服务消费活跃，顺应居民消费从商品消费向服务消费升级的趋势。2024年前三季度我国居民人均服务性消费支出同比增长7.6%，快于居民人均消费支出增速2.0个百分点。二是受以旧换新政策推动，家电、汽车、家装等产品销售火热。商务部数据显示，2024年，消费品以旧换新政策带动相关产品销售额超1万亿元。三是县域消费市场火热，下沉特征明显。我国有一半人口居住在县域，伴随消费新业态新模式的快速渗透，巨大的人口基数将推动县域消费持续增长。2024年11月，我国县乡消费品零售额占全社会的比重为38.8%，比上年同期提高0.5个百分点。四是伴随人口年龄结构的变化，Z世代和银发人群的消费潜力开始释放。与之相对应的个性化、体验式消费以及银发经济将成为未来一段时间新的消费增长点。",2026-08-15T21:21:06.545299+08:00
gildata,NewsDataQuery,2026年上半年促消费政策、消费品以旧换新政策变化、消费行业景气,27,资讯舆情库,上证观察 | 如何看待消费品以旧换新政策,0.88,"报告标题：上证观察 | 如何看待消费品以旧换新政策；
撰写时间：2024-03-22 19:52:49；
新闻舆情来源：中国证券网
原文：消费一头连着宏观经济，一头连着千家万户，是经济发展的重要引擎。消费品以旧换新的举措有助于激活消费的“一池春水”。2023年底召开的中央经济工作会议和上月召开中央财经委员会第四次会议，对推动消费品以旧换新作出详细部署，随后国常会审议通过《推动大规模设备更新和消费品以旧换新行动方案》。2024年政府工作报告指出，稳定和扩大传统消费，鼓励和推动消费品以旧换新。推动消费品以旧换新是政府着眼于我国高质量发展大局做出的重要决策。这一政策既有助于释放居民的潜在改善型消费需求，进一步激发消费市场活力和增长潜力，还能推动消费升级和促进产业结构优化升级，带动相关产业的投资增长，对实现经济高质量发展具有重要意义。一、消费品以旧换新政策很有必要性当前我国宏观经济总体处于疫后的恢复期。虽然回升向好的态势没有改变，但仍面临一些困难和挑战，尤其是居民消费意愿不强导致有效需求不足问题仍然存在。尽管2023年社会消费品零售增长7.2%，最终消费对经济增长贡献率达到82.5%，但其是建立在2022年较低基数基础之上的。若按两年平均增速来看，实则消费恢复较慢。社会消费品零售两年平均增长3.4%，远低于疫情前8%以上的增长水平。其中汽车类销售两年平均增长3.3%，家具类和家电类两年平均分别下降2.5%和1.7%。据统计，汽车、家电等耐用消费品一般占限额以上企业商品零售总额比重在35%左右，能对消费起到重要支撑作用。但从上述数据可以发现，过去两年，耐用消费品对整体消费的帮助十分有限，局部甚至还形成了拖累。今年政府工作报告中提出，要从稳定和扩大传统消费等方面着手来促进消费稳定增长。消费品以旧换新的政策部署意味着今年促消费政策将在重点领域提前发力，尤其是汽车和家电等传统耐用消费品的以旧换新，将会成为今年促消费稳增长的一个重点工作。同时我国以旧换新耐用品消费市场规模巨大。随着经济发展和人民生活水平的日益提升，汽车和家电等大件耐用消费品已从单纯的增量时代进入到增量和存量并重时代。2023年，汽车保有量约3.36亿辆，冰箱、洗衣机、空调等主要品类家电保有量超过30亿台，一些家电已使用了十几二十年，更新换代的需求和潜力很大。从短期来看，以旧换新政策能够刺激消费需求和带动相关投资，有效拉动和扩大内需。一方面，通过以旧换新，更多高品质的新产品进入市场，可以促进居民更换和升级一批新产品，充分满足居民多样化、个性化的需求和对更高品质生活的追求，提高居民消费的满意度和体验感;另一方面，通过降低更换新品的成本门槛，提振居民的购买意愿，从而挖掘和激活消费市场的深度与广度。同时，以旧换新还可以带动相关投资，推动相关产业的发展。以旧换新的消费品主要是耐用消费品，如汽车和家电等。这些产品通常具有较长的产业链，涉及到较多的制造业部门。以旧换新有助于推动相关制造业需求的扩大，推动相关投资的增长。从长期来看，以旧换新既能够进一步促进消费转型升级和产业结构优化升级，赋予经济发展新动能，同时还能够增加先进产能和提高生产效率，从而带动经济实现高质量转型发展。二、以旧换新将带来可观的消费增量以旧换新涉及汽车、家电和家具等大件耐用消费品，有望带来较大规模的消费增量，是一个万亿规模的市场。汽车在我国耐用消费品中占据重要地位，对消费拉动作用较强。据统计，当前国三(满足中国第三阶段汽车排放标准)及以下乘用车保有量约为1600万辆，若按照平均15年的报废周期测算，预计2024年符合报废条件的车辆约为750万辆。按照平均售价17万元计算，这部分老旧车辆全部更新将为2024年带来1.3万亿消费规模提升。2021年全国报废车辆回收数量达到300万辆的规模，若按照近15年回收报废车辆年均增长15.6%来计算，则2024年回收报废车数量约为400万辆。再去除各类成本，车辆以旧换新有望带来2500至3000亿左右的消费增量。我国家电存量规模较大。若减去6年以内的内销量规模，则2024年使用年限在6年以上的空调、冰箱、洗衣机、彩电、油烟机等家电产品基本在2亿台以上。我国多数家电的平均安全使用年限为10年。据统计，平均每年约有2.7亿台家电按标准来说超过了安全使用年限。若以旧换新政策能额外拉动5%的产品更新，则有望带动约1350万台的产品更新需求，带来新增消费增量约为1000亿。综上所述，汽车和家电总计有望带来3500至4000亿左右的消费增量，带动2024年社会消费品零售总额同比增速提升0.7个百分点左右。假设其他因素不变，2024年社会消费品零售总额同比增速可能因此从原先预测的5.5%上升至6.2%左右。三、对症下药推动以旧换新政策尽快落实尽管以旧换新政策的出发点很好，但在实际操作过程中却存在不少问题，导致耐用品的以旧换新真正落实到位存在困难。一是不少品牌家电虽然有回收渠道，但是回收的积极性不高。“不能换”成为家电以旧换新的主要障碍。多个家电品牌线上平台明确表示，不支持以旧换新，不能回收废旧家电，因此许多居民仍然习惯于把废旧家电卖给废品收购商。二是由于补贴力度较低，使得“不想换”成为汽车以旧换新的掣肘。尽管各大车企均有置换补贴，额度从3000元到上万元不等，但很多4S店给的置换补贴和收车价加在一起，还没有二手车商的收车价高，所以消费者更愿意把车卖给二手车商。主要原因是不少4S店在收了置换的车后，也会转卖给二手车商，所以不敢出高价。针对上述问题，建议从以下五个方面着手，推动以旧换新政策落实到位。一是健全完善回收利用体系。对于以旧换新中的旧商品，如何回收，如何再利用成为关键。家电厂商和4S店之所以回收积极性不强，主要是由于我国回收利用体系不够完善，政府补贴和激励措施力度不够。应学习和借鉴发达国家经验，建立健全完善的旧物回收循环利用体系。政府应加大对厂商的财政补贴力度，通过建立激励机制和相应法律法规，要求厂商设立专门的回收部门，以应对较大规模的回收需求。二是加大对消费者的回收补贴力度。对于每辆回收车辆，4S店应给予评估，并给出不低于二手车商的收车价格。以家庭为单位增加购买车辆的，继续执行购置税减半征收政策，而对更新或增购车辆为纯电动汽车的，依据标准给予5000至1万元左右购车置换补贴。在车辆限购城市，可考虑对纯电动二手车交易，允许带牌过户并保留卖方新能源牌照指标3至6个月。三是对于积极参与回收的车企和4S店给予减税、免税以及超额财政补贴的奖励。2024年应增加对于汽车和家电以旧换新的财政补贴。预计财政对消费品以旧换新支出可能达2000亿元，加上对资源循环利用的奖补以及适度的个税减免，将额外刺激居民耐用消费品更新需求约4000亿元。四是金融机构协同配合。金融机构设计并推出汽车信贷消费产品。鼓励商业银行和汽车金融公司依据消费者信用状况和车型，在利率和账期等方面提供差异化的汽车信贷产品。对置换更新，特别是燃油汽车更新为新能源汽车的，给予优惠利率或贴息。五是从政策层面鼓励厂商加大研发力度。一方面，车企应加强基础研发和自主创新，制造出高性价比的汽车产品;家电厂商应研发更为智能和绿色环保的家电产品，以吸引和刺激市场消费需求。另一方面，车企和家电厂商也应加大研发力度，提升将旧物变废为宝的能力。",2026-08-15T21:21:06.545299+08:00
gildata,NewsDataQuery,2026年上半年促消费政策、消费品以旧换新政策变化、消费行业景气,28,资讯舆情库,九鞅看行业（3.19）：可选消费板块进入景气区间,0.91,"报告标题：九鞅看行业（3.19）：可选消费板块进入景气区间；
撰写时间：2024-03-19 19:40:17；
新闻舆情来源：九鞅投资
原文：本期看点： 1、可选消费板块正式进入景气区间； 2、家电、汽车及纺织服饰行业均进入景气区间且处于上行趋势； 3、医药生物行业仍处于不景气区间，且有进一步放缓趋势。 01 本期聚焦板块及行业 可选消费板块 可选消费板块近半月景气指数继续改善，板块正式进入景气区间。 图1：九鞅可选消费板块景气指数 可选消费板块景气指数已连续3个月上行，自2023年以来，各地各部门围绕促进汽车、家居、品牌消费和餐饮业高质量发展等，推动出台支持恢复和扩大消费的系列政策措施，包括发改委等部门印发的《关于促进电子产品和汽车消费的若干措施》、商务部等四部门印发的《关于做好2023年促进绿色智能家电消费工作的通知》等；各地也举办一系列活动，居民线下活动逐步恢复，进一步释放了线下消费潜力，这促进了可选消费相关行业景气度的恢复。 图2：可选消费板块景气指数变化 家电行业 近半月，家电行业景气指数显著改善，且家电行业是24个行业中景气度改善幅度最大的行业，且行业景气度正式进入景气区间。 图3：九鞅家电行业景气指数 家电行业景气度3个月来显著改善，驱动家电行业景气度改善的关键因素如下：今年1-2月灯具照明装置及其零件累计出口金额同比增速较去年11月显著提高36.2%；今年1月液晶电视面板出货量同比增速较去年11月显著提高41%。 图4：中国:出口金额:灯具照明装置及其零件:累计 图4：出货量:液晶电视面板:当月同比 纺织服饰 纺织服饰行业景气指数持续改善，景气度进入0.5上方景气区间。 图5：九鞅纺织服饰行业景气指数 纺织服饰行业景气度3个月来显著改善，驱动纺织服饰行业景气度改善的关键因素如下: 今年1-2月制造业固定资产投资完成额累计同比增速较去年11月显著提高3.10%；当前江浙地区涤纶长丝下游织机开工率较3月前提高2.52%。 图6：：中国:固定资产投资完成额:制造业:累计同比 图7：中国:江浙地区:开工率:涤纶长丝:下游织机（春节附近异常值数据做修正处理） 02 板块景气度概览 九鞅板块景气指数显示，近半月可选消费板块景气度继续提高，板块正式进入高位状态。 图8：板块景气指数相对九鞅增长指数 与半个月前相比，大金融、周期上游以及必选消费板块景气指数回落，周期中游、TMT和可选消费板块景气指数均显著改善，其中，家电行业是24个行业中景气度改善幅度最大的行业，非银金融行业是24个行业中景气度下行最明显的行业。 图9：板块景气指数变化 03 配置运用 策略3月持仓 图10、11展示了近期的经济增长和板块景气指数状态，以及根据状态提出的板块配置建议。 月初持仓:依据2024/2/29当日各指数状态(经济增长*板块景气度) , 与2024/1/31相比，周期中游板块指数状态由低位下行变为低位上行，其余各指数状态不变。根据规则，板块持仓与1月底相同，对应配置策略不变。 图10：2月底指数状态及持仓 数据来源：九鞅投资（截至2024.2.29） 依据当前（2024/3/15）最新宏观及板块景气度，持仓如下： 图11：当前各指数状态及持仓 数据来源：九鞅投资（截至2024.3.15） 与2024/2/29相比，当前可选消费板块指数状态由低位上行变为高位上行，其余各指数状态不变。根据规则，在此状态下各板块持仓不变。 策略3月持仓及历史表现 从3月上旬市场表现来看，除大金融板块外，周期上游、周期中游、TMT、必选消费和可选消费板块收益较2月底均上升，其中周期上游板块收益最高。以经济增长和板块景气度双重指标为信号的配置策略，在3月初等权配置周期上游、周期中游、TMT、必选消费以及可选消费这5大板块，和中证800指数相对应的权重比，低配了表现较弱的大金融板块，高配了表现较好的周期上游板块，故策略总收益高于中证800指数；以经济增长单一指标为信号的配置策略，等权重配置6大板块，高配了表现较好的周期上游和必选消费板块，故策略总收益高于中证800指数。 下表为九鞅景气度轮动策略在过去两年的回溯结果，仅供参考： 数据来源：九鞅投资（截至2024.3.15） END 更多精彩内容，请关注九鞅投资公众号 九鞅行业景气指数系列，为九鞅宏观-中观-微观分析框架下的中观指数体系。该系列覆盖6大板块及24个行业的景气指数。 指数构建过程中，注重数据的高频性，行业间的横向可比性，且与九鞅宏观指数系列保持体系一致和联动。因此，九鞅行业景气指数系列可及时、客观、准确的反映行业的实时景气程度。 应用方面，该系列指数不仅可以独立运用于行业轮动、行业择时的投资决策过程，也可与九鞅宏观指数系列 协同，共同构建完备的由上至下资产配置决策体系。通过回测可以验证，经济增长指数和行业/板块景气指数提供的双重信号，既能捕捉大宏观下的经济增长状况，又能获取行业景气因子的风险溢价，依此对板块进行择时可以达到1+1>2的效果。 往期推荐 01 九鞅行业景气指数系列白皮书（2023.11更新版） 11-28九鞅行业景气指数系列白皮书（2023.11更新版） 02 九鞅行业半月报（3.4）：TMT板块景气持续回升 3-4高频宏观数据跟踪（3.4）：汽车轮胎开工率回升不及往年 03 九鞅行业半月报（2.20）：板块指数均上行 2-20九鞅行业半月报（2.20）：板块指数均上行 免责声明 本文内容仅供参考且仅代表作者个人观点，尽管本文中所载信息和意见系由可靠的来源编制或获得，九鞅投资并不对该等信息和意见的准确性、可靠性、完整性和及时性作出任何明示或暗示的陈述与保证，任何依照本文的全部或部分内容而做出的作为或不作为决定及因此造成的后果由行为人自行负责。 本文及本公众号所载信息，意见不构成对买卖任何证券或其他金融工具的出价或征价或提供任何投资决策的建议、咨询、辅助或任何相关服务。该等信息、意见在任何时候均不构成对任何人的具有针对性的、指导具体投资的操作意见和建议。 九鞅投资享有对本文章原文及摘要的独家版权，未经许可，请勿直接转载、转发、翻版、复制、刊登、修改、仿制或用于其他商业用途，否则将追究法律责任。",2026-08-15T21:21:06.545299+08:00
gildata,NewsDataQuery,2026年上半年促消费政策、消费品以旧换新政策变化、消费行业景气,29,资讯舆情库,中信证券:2026年将是消费行业景气拐点确立的关键之年,0.9,"报告标题：中信证券:2026年将是消费行业景气拐点确立的关键之年；
撰写时间：2026-03-13 08:08:00；
新闻舆情来源：证券时报网
原文：人民财讯3月13日电，中信证券研报称，当前消费市场处于弱复苏与政策预期博弈的关键窗口期。根据宏观数据的边际改善以及微观高频数据的验证，判断2026年将是消费行业景气拐点确立的关键之年。由于当前宏观环境仍然偏弱，消费景气的自身修复预计仍需时间，短期整体beta性机会可关注财政刺激类政策的可能性。当前，消费投资配置应守正出奇——高股息筑基与成长消费的弹性突围：一端通过服务消费等景气方向博弈政策弹性及财富效应传导;另一端通过高股息资产构建防御底仓，同时密切关注CPI转正带来的餐饮供应链、乳制品等量价齐升机会。长期配置则继续强调重视消费结构的变化。",2026-08-15T21:21:06.545299+08:00
gildata,NewsDataQuery,2026年上半年促消费政策、消费品以旧换新政策变化、消费行业景气,30,资讯舆情库,今日风口|中信证券:2026年将是消费行业景气拐点确立的关键之年,0.9,"报告标题：今日风口|中信证券:2026年将是消费行业景气拐点确立的关键之年；
撰写时间：2026-03-13 08:13:35；
新闻舆情来源：聚源数据
原文：据证券时报网报道，中信证券研报称，当前消费市场处于弱复苏与政策预期博弈的关键窗口期。根据宏观数据的边际改善以及微观高频数据的验证，判断2026年将是消费行业景气拐点确立的关键之年。由于当前宏观环境仍然偏弱，消费景气的自身修复预计仍需时间，短期整体beta性机会可关注财政刺激类政策的可能性。当前，消费投资配置应守正出奇——高股息筑基与成长消费的弹性突围：一端通过服务消费等景气方向博弈政策弹性及财富效应传导;另一端通过高股息资产构建防御底仓，同时密切关注CPI转正带来的餐饮供应链、乳制品等量价齐升机会。长期配置则继续强调重视消费结构的变化。",2026-08-15T21:21:06.545299+08:00
gildata,NewsDataQuery,2026年上半年促消费政策、消费品以旧换新政策变化、消费行业景气,31,资讯舆情库,消费电子行业景气度回升 哪些方向值得关注?,0.9,"报告标题：消费电子行业景气度回升 哪些方向值得关注?；
撰写时间：2024-05-31 12:13:52；
新闻舆情来源：第一财经
原文：消费电子景气度回升，A股多家产业链上下游公司在2023年业绩增长后一季度业绩继续增长，平板、手机、PC等消费电子产品出货量增速回升，消费电子行业复苏态势逐渐明朗。近期，消费电子产业链内股票英力股份连日大涨，5月以来累计上涨超150%。北向资金今年以来积极加仓消费电子产业相关股票。分析人士表示，在多重因素影响下，消费电子行业景气度有望持续回暖，消费电子产业链上中下游均值得关注。",2026-08-15T21:21:06.545299+08:00
gildata,NewsDataQuery,2026年上半年促消费政策、消费品以旧换新政策变化、消费行业景气,32,资讯舆情库,机构:2026年将是消费行业景气拐点确立的关键之年,0.87,"报告标题：机构:2026年将是消费行业景气拐点确立的关键之年；
撰写时间：2026-03-13 09:14:00；
新闻舆情来源：证券时报网
原文：中信证券认为，当前消费市场处于弱复苏与政策预期博弈的关键窗口期。根据宏观数据的边际改善以及微观高频数据的验证，判断2026年将是消费行业景气拐点确立的关键之年。由于当前宏观环境仍然偏弱，消费景气的自身修复预计仍需时间，短期整体beta性机会可关注财政刺激类政策的可能性。当前，消费投资配置应守正出奇——高股息筑基与成长消费弹性突围：一端通过服务消费等景气方向博弈政策弹性及财富效应传导;另一端通过高股息资产构建防御底仓，同时密切关注CPI转正带来的餐饮供应链、乳制品等量价齐升机会。长期配置则继续强调重视消费结构的变化。上海证券认为，1)AI+消费：AI成为促进消费的催化剂，AI+消费有望成为消费市场热点。随着AI技术加速渗透，政策催化叠加资本响应，AI+消费发展前景广阔，消费市场将形成“需求牵引技术、技术创造需求”的循环;2)情绪经济：经济人口结构变化催生情绪消费，形成4.5万亿元新蓝海。随着人均GDP、可支配收入、Z世代人口占比提升，年轻群体从“功能满足”向“情绪共鸣”变迁。情感消费场景快速拓展，已形成潮玩、购物、文旅、宠物、科技、餐饮等众多赛道。例如黄金珠宝IP联名、二次元和潮玩受到年轻人追捧;3)新质零售：从传统零售到新质零售，体验升级与价值重塑引领零售变革。传统新零售主要聚焦渠道端(包括线下、电商等)，而新质零售包括质价比消费、即时零售等，更多从消费体验和消费分级来提供供给端优化后的零售业态。",2026-08-15T21:21:06.545299+08:00
gildata,NewsDataQuery,2026年上半年促消费政策、消费品以旧换新政策变化、消费行业景气,33,资讯舆情库,消费电子行业景气度回升多只股票被大幅加仓,0.86,"报告标题：消费电子行业景气度回升多只股票被大幅加仓；
撰写时间：2024-05-31 00:00:00；
新闻舆情来源：中国证券报
原文：消费电子景气度回升，A股多家产业链上下游公司在2023年业绩增长后一季度业绩继续增长，平板、手机、PC等消费电子产品出货量增速回升，消费电子行业复苏态势逐渐明朗。近期，消费电子产业链内股票英力股份连日大涨，5月以来累计上涨超150%。北向资金今年以来积极加仓消费电子产业相关股票。分析人士表示，在多重因素影响下，消费电子行业景气度有望持续回暖，消费电子产业链上中下游均值得关注。行业景气度上升多项数据表明，消费电子行业景气度上升。平板、手机、PC，消费电子行业出货量正在增长。Canalys数据显示，2024年第一季度全球平板电脑市场出货量实现小幅增长，达到了3370万台，增长率为1%，这一增长标志着在经历了连续四个季度的下滑之后，全球平板电脑市场首次迎来正向增长。手机方面，Canalys数据显示，2024年第一季度，全球智能手机市场出货量同比增长10%，达到2.962亿部，市场表现高于预期，在经历了十个季度后首次迎来双位数的增长。PC方面，Canalys数据显示，2024年第一季度，台式机和笔记本电脑的总出货量同比增长2.9%，达5700万台。从国内数据来看，中国信通院数据显示，2024年4月，国内市场手机出货量2407.1万部，同比增长28.8%。其中，5G手机2023.2万部，同比增长52.2%，占同期手机出货量的84.1%。2024年1-4月，国内市场手机出货量9148.6万部，同比增长12.3%。其中，5G手机7666.5万部，同比增长18.3%，占同期手机出货量的83.8%。IDC数据显示，2024年第一季度中国平板电脑市场出货量为713万台，同比增长6.6%，其中消费市场同比增长10.7%，商用市场同比增长6.3%。中银证券分析师陶波表示，当前消费电子业在“被动换机”需求和“主动换机”需求双重刺激下，行业景气度持续回暖。产业链上市公司业绩爆发随着消费电子行业的平板、手机、PC出货量上升，消费电子行业不少相关上市公司的业绩在今年一季度也出现爆发。从消费电子产业链的手机厂商传音控股一季报情况来看，2024年第一季度，传音控股实现营业总收入174.43亿元，同比增长88.10%;实现归母净利润16.26亿元，同比增长210.30%。从消费电子产业链巨头立讯精密一季报情况来看，2024年第一季度立讯精密实现营业收入524.07亿元，同比增长4.93%;归属于上市公司股东的净利润为24.71亿元，同比增长22.45%。蓝思科技一季报显示，一季度蓝思科技实现营业收入154.98亿元，同比增长57.52%;实现净利润3.09亿元，同比增长379.02%。此外，产业链上游的半导体设备龙头股北方华创一季报显示，一季度实现营业收入58.59亿元，同比增长51.36%;实现归属于上市公司股东的净利润11.27亿元，同比增长90.40%。据信达证券统计，2024年一季度电子行业实现营收7318.62亿元，同比增长14.2%;实现归母净利润271.05亿元，同比增长75.7%，一季度电子行业基本面复苏明显。消费电子板块2024年一季度实现营业收入3322.9亿元，同比增长14%;实现归母净利润134.9亿元，同比增长50%。品牌消费电子2024年一季度归母净利润同比增长89.5%。消费电子零部件及组装方面2024年一季度归母净利润同比增长43.6%。消费电子投资机会被看好随着消费电子行业景气度回升，A股市场的消费电子产业链上市公司表现不俗。Wind数据显示，2月以来，截至5月30日，Wind消费电子产业指数累计上涨16.73%。成分股中，英力股份累计涨逾140%，工业富联、深南电路、鹏鼎控股均涨逾70%，九号公司-WD、沪电股份均涨逾60%，科沃斯、水晶光电、寒武纪-U等股票均涨逾50%，石头科技、蓝思科技、生益科技等多股涨逾40%。5月以来，消费电子板块也诞生了一大牛股——英力股份，5月以来累计上涨超150%，通富微电、火炬电子、立讯精密等多股涨逾10%。从资金面来看，Wind消费电子产业成分股中，不少股票获得资金青睐。Wind数据显示，截至5月29日，北向资金今年以来加仓北方华创超过40亿元，加仓京东方A超过30亿元，加仓韦尔股份、美的集团、海尔智家均超过20亿元，加仓立讯精密、石头科技、澜起科技、生益科技、中微公司等多股均超10亿元。在AI的加持下，AI PC、AI手机热潮渐渐升起。对于消费电子板块，陶波认为，智能手机和PC均临近换机周期临界点，“被动换机”需求有望复苏;具备更强AI能力的智能手机以及AI PC的推出，或将刺激“主动换机”需求;XR设备在硬件迭代和内容成熟的驱动下，有望打开消费级市场，迎来新的发展机遇。多重因素影响下，有望带动消费电子行业景气度持续回暖。“持续看好国内消费电子产业链创新紧跟AI，未来将持续面向全球化布局的发展趋势。”中信证券科技产业联席首席分析师徐涛表示，下游品牌关注品牌出海、品牌升级以及端侧AI加速渗透带来的增量需求;中游零组件关注AR/VR创新、端侧AI算力升级下零组件配合升级;上游芯片关注端侧AI算力升级。另外，苹果2024年的WWDC全球开发者大会将在北京时间6月11日至15日举行，国金证券电子行业首席分析师樊志远表示，今年下半年智能手机、AI PC将迎来众多新机发布，三季度有望迎来需求旺季。中长期来看，AI有望给消费电子赋能，带来新的换机需求，看好AI驱动、需求复苏受益产业链。",2026-08-15T21:21:06.545299+08:00
gildata,NewsDataQuery,2026年上半年促消费政策、消费品以旧换新政策变化、消费行业景气,34,资讯舆情库,消费电子行业景气度回升 蓝思科技第二季度净利环比扭亏为盈,0.85,"报告标题：消费电子行业景气度回升 蓝思科技第二季度净利环比扭亏为盈；
撰写时间：2022-08-26 06:35:39；
新闻舆情来源：证券日报网
原文：8月26日，蓝思科技披露2022年半年度业绩报告。公告显示，公司上半年实现营业收入191.83亿元，归属上市公司股东的净利润-3.05亿元，其中第二季度实现营收98.49亿元，环比增长5.51%，归母净利润为1.07亿元，环比扭亏为盈。公司表示，2022年上半年，市场需求持续不及预期，导致市场竞争激烈，公司盈利水平下降。但在公司采取的一系列管控措施作用下，公司管理效益有所改善，管理费用、财务费用同比有所减少，公司第二季度经营绩效环比第一季度有所改善。不利因素逐渐消退回顾上半年，受到复杂的国际政治环境和供应链波动等影响，智能手机出货量下滑，消费电子行业整体承压，市场面临着较大的压力。市场调研机构StrategyAnalytics报告显示，2022年上半年全球智能手机出货量6.05亿台，同比下降7.52%。IDC报告显示，2022年上半年全球笔记本电脑出货量1.19亿台，同比下降11.43%。根据中国信通院数据，2022年6月国内手机市场总体出货量为2801.7万部，同比增长9.2%，环比增长34.7%。单月同比变动为年初以来首次由负转正，市场预期逐渐好转，整体已开始呈现回暖的迹象，行业低谷时刻已然过去，长期向好趋势不改。值得注意的是，蓝思科技今年二季度单季实现归母净利润1.07亿元。尽管上半年受到多重行业不利因素的影响，二季度一举扭转一季度的颓势，仍然实现盈利，充分印证了公司的经营活力和韧性。销售旺季促销售放量对于消费电子产品，三季度为传统销售旺季，苹果、华为陆续确定了新机发布时间，新品推出有望带动消费电子产品销量的新一轮增长。其中，华为宣布Mate 50系列手机将于9月6日发布，而苹果公司在当地时间9月7日举办秋季发布会。事实上，秋季的苹果新品发布会无疑将为消费电子产业链注入一剂强心针。据悉，发布会届时将推出iPhone 14、Apple Watch Series 8和耐用版Apple Watch等新款产品，值得期待的重磅产品当属iPhone 14系列手机。此前，有消息透露，苹果计划扩大iPhone14系列新机的初期备货总量，增加至9500万部，较原预期增加约5%。今年8月份，天风国际知名分析师郭明錤在推特上称，预计iPhone 14系列机型的平均售价将上涨15%，原因是iPhone 14 Pro两款机型的提价和更高的出货量。可见，市场预期进一步改善，消费电子板块有望强势复苏。蓝思科技多年来在消费电子行业的深耕细作及口碑，赢得了一批优质的国际知名品牌客户资源，如三星、小米、OPPO、vivo、华为、荣耀等。公司在不断加深与现有客户的合作的同时，积极开拓新客户资源，凭借雄厚的技术沉淀，为稳定优质的客户资源打好基础。从备货情况来看，蓝思科技及多家果链供应商早早开启了大量招工模式，确保供应链稳定可靠，核心产品保质保量完成生产。同时，这也从侧面反映出行业基本面边际改善，供应链稳定运行，长期发展趋势仍然持续向好。国信证券表示，在传统3C备货旺季叠加疫情后的追单需求影响下，三季度消费电子产业链正迎来基本面拐点。在经营方面，蓝思科技表示，目前大客户订单稳定，公司经营稳健高效，基本面保持良好，随着行业景气回升，三季度有望迎来盈利拐点。供需端利好带动业绩增长从市场供需现状来看，在供给端，近期金属等原材料价格下跌，产品成本降低，供应链问题得以缓解。在需求端，促消费政策在各地逐步落地，不断刺激潜在需求。供需改善有利于打开产业链供应链盈利空间，提高业绩利润，在二级市场的表现上，有助于提振股价。国融证券在近期表示，市场对于消费电子销量低迷的影响已经充分反映，行业指数自2021年12月高点至今最大跌幅已达49.43%，短期利空出尽。目前，消费电子行业指数PE(TTM)为31.61倍，处于近五年估值水平的27.53%分位，估值水平处于历史低位。首创证券表示，当超跌遇上政策利好，配合业绩兑现，出现反转的概率较高，目前消费电子具备反弹条件。未来，随着终端需求逐步释放，促消费政策不断加持，利好因素易催化股价回弹。值得一提的是，蓝思科技除了消费电子的传统业务之外，已提前布局新能源汽车和AR/VR的新业务，发挥核心技术优势，追求产品转型升级。坐拥新能源汽车和AR/VR两大高成长的景气赛道，业务场景扩张有利于公司增长自身逻辑，巩固市场核心竞争力，从而提升公司经营业绩和内在价值。",2026-08-15T21:21:06.545299+08:00
gildata,NewsDataQuery,2026年上半年促消费政策、消费品以旧换新政策变化、消费行业景气,35,资讯舆情库,消费电子行业景气度高企产业链投资机遇凸显,0.84,"报告标题：消费电子行业景气度高企产业链投资机遇凸显；
撰写时间：2025-01-24 06:41:22；
新闻舆情来源：新浪网
原文：【消费电子行业景气度高企 产业链投资机遇凸显】日前，全国各地已陆续实施手机等数码产品购新补贴，海外大厂也召开新品发布会发布旗下最新产品。从A股市场看，消费电子行业近期表现不俗，Wind数据显示，万得消费电子产业概念指数近几个交易日涨势强劲，自1月6日以来累计上涨6.49%。分析人士认为，数码产品购新补贴政策有望提振下游需求，缩短消费者换机周期，产业链上游受益程度或高于中游和下游。(中证报)",2026-08-15T21:21:06.545299+08:00
gildata,NewsDataQuery,2026年上半年促消费政策、消费品以旧换新政策变化、消费行业景气,36,资讯舆情库,国金证券:消费者对服饰的刚性需求仍可支撑服装行业维持当前景气度,0.83,"报告标题：国金证券:消费者对服饰的刚性需求仍可支撑服装行业维持当前景气度；
撰写时间：2022-06-30 08:34:00；
新闻舆情来源：证券时报网
原文：证券时报网讯，国金证券指出，疫情下居民对日用品集中采购需求升高导致大型商超充分受益，而居家办公下对服饰需求转弱，服装零售业绩严重受损。但随着疫情复苏、社交活动增加，居民对应季单品及高端礼服等需求提升，服装零售业绩端出现大幅改善，服饰企业库销比仍然与疫情前持平，位于正常区间，且服饰品牌库存周转情况维持健康。我们认为伴随着社交/户外/出行等场景修复，消费者对服饰的刚性需求仍可支撑服装行业维持当前景气度。",2026-08-15T21:21:06.545299+08:00
gildata,NewsDataQuery,2026年上半年促消费政策、消费品以旧换新政策变化、消费行业景气,37,资讯舆情库,中金公司:促汽车消费政策延续 行业景气度仍然较高,0.82,"报告标题：中金公司:促汽车消费政策延续 行业景气度仍然较高；
撰写时间：2021-02-18 10:49:00；
新闻舆情来源：证券时报网
原文：证券时报网讯，2月9日，商务部发布关于印发商务领域促进汽车消费工作指引和部分地方经验做法的通知，对当前商务领域促进汽车消费的主要工作任务和一些地方好的经验做法进行梳理，以进一步落实用好用足促进汽车消费政策。中金公司指出，促汽车消费政策力度得以延续，低基数基础上我们预计1季度乘用车销量能够保持高增速，行业景气度仍然较高。整车方面，首推长城汽车，建议关注广汽集团、上汽集团。零部件推荐福耀玻璃、敏实集团、拓普集团、爱柯迪。同时，我们认为政策也利好豪华车经销商，建议关注中升控股。",2026-08-15T21:21:06.545299+08:00
gildata,NewsDataQuery,2026年上半年促消费政策、消费品以旧换新政策变化、消费行业景气,38,资讯舆情库,国家发展改革委、财政部印发《关于2026年实施大规模设备更新和消费品以旧换新政策的通知》,0.84,"报告标题：国家发展改革委、财政部印发《关于2026年实施大规模设备更新和消费品以旧换新政策的通知》；
撰写时间：2025-12-30 18:24:48；
新闻舆情来源：国家发展改革委
原文：为认真贯彻落实党中央、国务院关于优化实施“两新”政策的决策部署，经国务院同意，国家发展改革委、财政部印发《关于2026年实施大规模设备更新和消费品以旧换新政策的通知》（发改环资〔2025〕1745号，以下简称《通知》），明确2026年“两新”政策的支持范围、补贴标准和工作要求。2026年“两新”政策主要做了3个方面优化。 一是优化支持范围。设备更新方面，总体延续2025年支持范围，在民生领域增加老旧小区加装电梯、养老机构设备更新，在安全领域增加消防救援、检验检测设备更新，在消费基础设施领域增加商业综合体、购物中心、百货店、大型超市等线下消费商业设施的设备更新。消费品以旧换新方面，进一步集中资源，着力提升覆盖人群广、带动效应强的重点消费品“得补率”。继续实施汽车报废更新和汽车置换更新补贴；继续实施家电以旧换新补贴，支持范围聚焦冰箱、洗衣机、电视、空调、电脑、热水器等6类产品；同时，将数码产品购新补贴拓展为数码和智能产品购新补贴，支持范围包括手机、平板、智能手表（手环）、智能眼镜和智能家居产品（含适老化家居产品）。 二是优化补贴标准。设备更新方面，将住宅老旧电梯更新由定额补贴调整为按电梯层（站）数分档差异化补贴；在老旧营运货车报废更新补贴中，优先支持更新为电动货车。消费品以旧换新方面，在保持汽车补贴上限不变的基础上，将定额补贴调整为按车价比例进行补贴；家电以旧换新调整为补贴1级能效或水效产品，补贴产品售价的15%，单件补贴上限为1500元；数码和智能产品的补贴标准保持此前数码产品标准不变。 三是优化实施机制。设备更新方面，优化项目申报机制和审核流程，进一步降低申报项目的投资额门槛，加大对中小企业的支持力度，扩大政策惠及面。消费品以旧换新方面，优化资金分配方式，完善全链条实施细则，严厉打击骗补套补和“先涨后补”等违法违规行为。同时，落实全国统一大市场建设要求，对汽车报废更新、汽车置换更新、6类家电以旧换新、4类数码和智能产品购新，明确在全国范围内执行统一的补贴标准。 《通知》要求，国家发展改革委发挥“两新”部际联席会议制度牵头部门作用，会同财政部安排超长期特别国债资金实施“两新”政策，加强统筹协调和跟踪调度。商务部、交通运输部、农业农村部等部门按职责分工制定分领域实施细则，并组织地方落实好相关领域政策。各省级人民政府要结合实际抓紧组织落实，持续提升“两新”政策效能。",2026-08-15T21:21:06.545299+08:00
gildata,NewsDataQuery,2026年上半年促消费政策、消费品以旧换新政策变化、消费行业景气,39,资讯舆情库,消费品以旧换新再加码 消费电子ETF易方达(562950)涨+3.76%,0.72,"报告标题：消费品以旧换新再加码 消费电子ETF易方达(562950)涨+3.76%；
撰写时间：2026-06-18 10:54:00；
新闻舆情来源：东方财富网（手机版）
原文：2026年6月18日，消费电子板块开盘走强，消费电子ETF易方达(562950)盘中涨幅达+3.76%，最新价1.989元，盘中最高触及1.99元，最低下探1.898元，半日成交额约1.13亿元，交投活跃度显著提升。该ETF跟踪中证消费电子主题指数，全面覆盖AI手机、智能穿戴、混合现实(MR)、面板显示、MLCC等消费电子核心赛道，是投资者布局消费电子产业链的重要工具。从驱动因素来看，消费电子板块今日的强势表现受到多重利好共振。首先，政策端再传重磅信号——国家发改委明确第三批625亿元消费品以旧换新资金将于6月底前下达，直接利好消费电子终端需求释放，AI手机、智能穿戴等品类有望率先受益于新一轮换机潮。其次，产业链景气度持续上行，PCB概念今日反复活跃，世名科技20cm涨停;MLCC概念延续回升态势，昀冢科技涨超10%续创历史新高;存储芯片概念同样表现强劲，上游元器件环节的全面爆发为消费电子板块提供了坚实支撑。再次，海外映射效应不减，Baird最新报告上调全球消费电子代工龙头捷普科技目标价至440美元，Rothschild & Co Redburn同步上调半导体设备巨头应用材料目标价至560美元，显示国际机构对消费电子及半导体产业链前景持续乐观。此外，中国移动牵头完成的3GPP""6G场景和技术需求""标准研究项目，以及算力芯片板块寒武纪涨超10%创历史新高，也为AI终端、智能穿戴等新兴消费电子赛道注入了想象空间。机构认为，消费电子行业正处于AI终端创新与换机周期共振的关键窗口期。随着端侧AI加速落地，AI手机渗透率有望在2026年迎来爆发式增长，叠加智能穿戴设备持续迭代升级与MR产品商业化进程推进，消费电子板块的基本面改善趋势明确。有券商研报指出，以旧换新政策持续加码将有效催化消费电子终端需求回暖，产业链龙头企业有望在量价齐升的格局中实现业绩与估值双击。在当前科技板块轮动加速的背景下，消费电子作为兼具政策催化与产业趋势的核心赛道，配置价值值得关注。关联产品：消费电子ETF易方达(562950)",2026-08-15T21:21:06.545299+08:00
gildata,NewsDataQuery,2026年上半年促消费政策、消费品以旧换新政策变化、消费行业景气,40,资讯舆情库,"社零回暖,食品饮料、汽车板块逆市上涨!""以旧换新""政策消费拉动效果显著",0.74,"报告标题：社零回暖,食品饮料、汽车板块逆市上涨!""以旧换新""政策消费拉动效果显著；
撰写时间：2026-03-16 11:32:16；
新闻舆情来源：有连云
原文：3月16日(周一)，市场调整之际，食品饮料、汽车在内的内需板块逆市上涨，食品饮料ETF(515170.SH)、食品ETF华夏(159151.SZ)涨幅领先A股行业主题ETF。消息面上，马年春节消费数据超预期，1~2月社零数据回暖，“以旧换新”政策拉动效果较为突出。3月16日统计局数据显示：1—2月份，社会消费品零售总额86079亿元，同比增长2.8%。同期商务部也披露数据：截至目前，2026年消费品以旧换新累计实现相关商品销售4762.3万件，同比增长15.3%，带动销售额3232.6亿元，同比增长3.2%。其中，汽车以旧换新共计收到补贴申请100.8万份，带动新车销售额1644.3亿元;家电以旧换新销售1713万台，带动销售额694.4亿元;数码和智能产品购新共销售2948.5万件，带动销售额893.9亿元。展望后市，消费政策仍有发挥空间，包括1000亿元促内需专项资金、多项基础民生保障促消费政策即将落地，人均消费偏低的县乡镇市场也仍有较大的增长空间。节后至今，消费板块已计入过度悲观预期，当前明显超调。市场风格“高低”切换之际，关注大消费相关ETF低位修复机会：1)吃喝刚需——食品饮料ETF(515170.SH)及食品ETF华夏(159151.SZ)，前者偏一二线白酒，后者偏乳业、调味品、肉制品等行业;2)可选消费——可选消费ETF(562580.SH)，侧重汽车、家电、零售等行业;3)服务消费——旅游ETF(562510.SH)，侧重免税、商旅、航空等行业;4)新消费——港股通消费ETF华夏(513230.SH)，侧重潮玩、金饰、饮品等港股高弹性资产，支持T+0。以上内容与数据，与有连云立场无关，不构成投资建议。据此操作，风险自担。",2026-08-15T21:21:06.545299+08:00
gildata,NewsDataQuery,2026年上半年促消费政策、消费品以旧换新政策变化、消费行业景气,41,资讯舆情库,消费品以旧换新带动销售额5万亿元 汽车占比63%,0.64,"报告标题：消费品以旧换新带动销售额5万亿元 汽车占比63%；
撰写时间：2026-06-24 10:10:00；
新闻舆情来源：21财经APP
原文：在今天举行的国务院新闻办公室新闻发布会上，商务部相关负责人表示，截至6月22日，消费品以旧换新已经累计带动相关商品销售额达到5万亿元，惠及6.3亿人次。其中，汽车以旧换新销售额占比63%，在惠民生、扩消费、优产业、促循环等方面都发挥了积极作用。汽车以旧换新政策实施两年多来，已累计支持超过2100万人次换购新车。政策还促进了汽车置换流通，带动二手车消费。与此同时，汽车以旧换新政策支持了超过1200万辆新能源汽车消费，推动汽车产业向绿色化、智能化转型;带动超过800万辆老旧汽车报废回收，使钢材、铝材等近千万吨的再生资源实现循环利用。商务部市场运行和消费促进司司长 杨沐：下一步，商务部将以更实举措推动汽车以旧换新提质增效，优化便民服务，指导各地持续提升兑付效率，让补贴资金高效直达消费者。优化数智赋能，迭代升级以旧换新信息系统，进一步便利补贴申领和审核，优化参与体验。",2026-08-15T21:21:06.545299+08:00
gildata,NewsDataQuery,2026年上半年促消费政策、消费品以旧换新政策变化、消费行业景气,42,资讯舆情库,"一季度消费品以旧换新销售额超4300亿元,分析师:促消费政策将持续加力",0.72,"报告标题：一季度消费品以旧换新销售额超4300亿元,分析师:促消费政策将持续加力；
撰写时间：2026-04-03 21:41:48；
新闻舆情来源：界面
原文：商务部周五发布数据显示，今年1至3月，中国消费品以旧换新销售额超4331.7亿元(人民币，下同)，惠及6093.3万人次。具体来看，汽车以旧换新销售额2286.9亿元。1至3月，汽车以旧换新共计收到补贴申请140.8万份，带动新车销售额2286.9亿元。其中，报废更新补贴申请40.3万份，带动销售额519.6亿元;置换更新补贴申请100.5万份，带动销售额1767.3亿元。家电以旧换新、数码和智能产品购新销售额2044.8亿元。1至3月，6类家电以旧换新、数码和智能产品购新共销售5952.5万台，带动销售额2044.8亿元。其中，家电以旧换新销售2320.5万台，带动销售额954.3亿元;数码和智能产品购新销售3632.0万件，带动销售额1090.5亿元。据国家统计局最新数据，1-2月，家用电器和音像器材类零售额增长3.3%，其中，高能效等级家电销售延续上年快速增长态势，增速超过两位数。扩大内需是今年中国经济工作的头号任务。国务院总理李强3月5日在《政府工作报告》中介绍今年政府工作任务时特别提到，要着力建设强大国内市场。坚持内需主导，统筹促消费和扩投资，拓展内需增长新空间，更好发挥我国超大规模市场优势。《政府工作报告》特别提到，今年将促进商品消费扩容升级，安排超长期特别国债2500亿元支持消费品以旧换新，优化政策实施机制。在此之前，1月20日举行的国新办发布会指出，2026年，宏观政策的发力点将放在做强国内大循环，全方位扩大国内需求。相关部门将研究制定出台2026年至2030年扩大内需战略实施方案，努力实现供需互促、循环升级。2025年12月召开的中央经济工作会议提出“坚持内需主导，建设强大国内市场”，将深入实施提振消费专项行动，制定实施城乡居民增收计划，扩大优质商品和服务供给，优化“两新”政策实施。粤开证券首席经济学家罗志恒对界面新闻表示，一季度在超长春节假期和以旧换新政策的共同带动下，社会消费品零售和服务消费均呈现较好的回升势头。但春节本身具有较强的脉冲性特征，进入二季度后，假期效应消退，消费增长将更多取决于居民收入预期的修复程度和消费意愿的持续性。罗志恒在采访中表示，当前，居民资产负债表的调整仍在进行中，预防性储蓄倾向尚未明显扭转，消费回暖的内生基础仍需进一步夯实。当然，消费品以旧换新、服务消费促进等政策大概率将延续加力，对消费增速形成一定托底。",2026-08-15T21:21:06.545299+08:00
gildata,NewsDataQuery,2026年上半年促消费政策、消费品以旧换新政策变化、消费行业景气,43,资讯舆情库,以旧换新政策持续激发居民消费潜力,0.87,"报告标题：以旧换新政策持续激发居民消费潜力；
撰写时间：2025-10-22 08:15:00；
新闻舆情来源：证券时报网
原文：“最近趁着国补和节假日活动，给家里换了一台扫地机器人。”家住北京的李女士告诉《证券日报》记者，享受“国补+门店补贴+旧品抵扣”优惠后，大约省了1700元。这是今年以来我国加力扩围实施消费品以旧换新政策，持续促消费、惠民生的缩影。国家统计局最新数据显示，今年前三季度，以旧换新政策涉及的限额以上单位家用电器和音像器材类、文化办公用品类、家具类、通讯器材类商品零售额均保持两位数增长;此外，截至9月10日，今年全国汽车以旧换新申请量已突破830万份，相当于每天有超过3万人申请换新车。从家电到汽车，从数码产品到绿色建材，多地在扩大补贴范围、优化流程环节、强化金融支持等方面不断创新举措，持续激活消费潜能。国研新经济研究院创始院长朱克力在接受《证券日报》记者采访时表示，以旧换新政策为消费增长和相关行业带来多方面积极影响。从消费端看，补贴降低了居民购买新品的门槛，特别是家电、汽车等耐用消费品，价格优势促使消费者提前换购或升级产品。从行业端看，政策效应沿产业链传导，推动零部件制造、物流回收等环节同步扩容，带动了就业和投资增长。据国家统计局数据，前三季度，最终消费支出对经济增长贡献率达53.5%，比上年全年提升9.0个百分点。中信证券首席经济学家明明对《证券日报》记者表示，今年以来各地区各部门深入实施消费品以旧换新政策，对稳定消费增长发挥了关键作用。“去年全年社会消费品零售总额同比增长3.5%，今年前三季度达到4.5%，政策拉动效应十分显著。今年以旧换新政策扩围至数码产品，有效带动了通讯器材零售高增长。”明明表示。今年，国家发展改革委会同财政部，分四批向地方下达了3000亿元超长期特别国债资金支持消费品以旧换新加力扩围，以“真金白银”助力居民消费需求释放。朱克力表示，从长远看，需构建市场主导、政策辅助的长效机制。例如，可探索将补贴与碳积分、绿色消费认证结合，建立多层次激励体系。同时，要强化回收体系建设，推动形成良性循环。对于如何进一步提升政策效能，中央财经大学副教授刘春生对《证券日报》记者表示，一方面要增强居民收入预期和消费信贷支持，稳定消费信心;另一方面，要进一步完善产品更新、回收体系及金融配套，提升企业参与积极性。朱克力认为，以旧换新政策实施应更加注重结构优化，将资源向绿色智能等重点领域倾斜。通过强化部门协同和市场联动，消费增长的内生动力将更强、更可持续。“总体来看，前三季度消费市场稳中有进，结构优化趋势明显。随着年末消费旺季到来，消费品以旧换新政策将继续发挥积极作用，为全年经济稳增长提供有力支撑。”刘春生表示。",2026-08-15T21:21:06.545299+08:00
gildata,NewsDataQuery,2026年上半年促消费政策、消费品以旧换新政策变化、消费行业景气,44,资讯舆情库,多地以旧换新政策扩围 持续释放消费动能,0.64,"报告标题：多地以旧换新政策扩围 持续释放消费动能；
撰写时间：2026-06-05 08:06:00；
新闻舆情来源：证券时报网
原文：商务部等七部门发布的《关于提质增效实施2026年消费品以旧换新政策的通知》明确汽车报废和置换更新、6类家电以旧换新、4类数码和智能产品购新等四个领域执行全国统一补贴标准，同时给予地方更多自主空间，支持各地将智能家居、适老化家居产品纳入补贴目录。目前，全国多地围绕扩品类、增投放、优流程等方向落地本地化细则，政策落地呈现差异化、便民化特征。近日，在补贴品类持续扩容层面，多地聚焦智能、适老化消费品。比如：珠海自5月29日起落地首批地方自主补贴品类活动，将智能门锁、智能打印机、适老化呼吸类医疗器械(制氧机、家用呼吸机)纳入补贴品类;上海重点加码全屋智能产品补贴，包括智能吸油烟机、智能助行机(含电动轮椅、外骨骼机器人)等共10类产品。在增加投放、优化流程方面，陕西安康于6月1日(含当日)起增加消费券资格券投放量，以持续提升以旧换新政策覆盖率。针对申领环节，上海将线上两周一次的报名摇号调整为线上即时摇号，活动时间为2026年6月1日至2026年9月30日。“国家划定统一补贴基准和地方自主扩容品类的制度设计，兼顾政策统一性与区域差异性。”上海财经大学中国式现代化研究院研究团队首席专家汪伟对上海证券报记者表示，政策扩围有利于释放存量置换需求，打通产销循环，破除消费者“修修补补继续用”的观望心态，下游消费扩容又带动上游制造企业增产、扩产，消化行业产能，畅通国内消费品产业链循环。政策扩围与优化正在转化为消费数据。商务部商务大数据显示：截至5月4日，2026年汽车以旧换新累计置换213.2万辆，拉动新车销售额3423.9亿元;家电换新3473.5万台，创收1415.4亿元;数码智能产品购新4933.7万件，实现销售额1453.4亿元。展望未来，专家一致认为，适老化与智能家居、县域下沉市场是后续政策最大的增量来源。汪伟表示，我国人口老龄化程度持续加深，叠加存量住宅智能化改造浪潮，大量老旧家居、适老器械仍处在更新周期。苏商银行特约研究员付一夫认为：县域及农村市场老旧家居、家电存量基数庞大，仍有未释放的置换需求;同时，智能家居、适老化设备等新增补贴品类渗透率偏低，有望成为拉动消费增长的新动力。",2026-08-15T21:21:06.545299+08:00
gildata,NewsDataQuery,2026年上半年促消费政策、消费品以旧换新政策变化、消费行业景气,45,资讯舆情库,"消费品以旧换新惠及1613万人次,消费ETF易方达涨1.04%",0.74,"报告标题：消费品以旧换新惠及1613万人次,消费ETF易方达涨1.04%；
撰写时间：2026-02-05 10:29:30；
新闻舆情来源：财闻（网易号）
原文：截止2月5日10点10分，上证指数跌0.80%，深证成指跌1.44%，创业板指跌1.60%。ETF方面，消费ETF易方达(159798)涨1.04%，成分股珀莱雅(603605.SH)、宋城演艺(300144.SZ)涨超5%，百亚股份(003006.SZ)、新乳业(002946.SZ)、天味食品(603317.SH)、朗姿股份(002612.SZ)、盐津铺子(002847.SZ)、海天味业(603288.SH)、石头科技(688169.SH)、东鹏饮料(605499.SH)等上涨。消息方面，央视新闻2月5日报道，据商务部消息，随着2026年消费品以旧换新加力实施，各地掀起了焕新潮。“新国补”实施首月，消费品以旧换新惠及1613万人次，销售汽车、家电、数码和智能产品925.6亿元。国泰海通证券认为，26年开年之际促消费政策频发，扩内需战略持续推进，将加速消费信心提振，推动消费需求扩张。中信建投研报指出，白酒产业“五底阶段”(政策底、库存底、动销底、批价底、产销底)与资本市场“三低一高”(预期低、估值低、公募持仓低、高分红)共振，结合近期市场策略相继落地，站在春节旺季来临之际，我们认为本轮白酒调整期拐点将至，资本市场预期先行，白酒板块迎来周期底部配置机会。",2026-08-15T21:21:06.545299+08:00
gildata,NewsDataQuery,2026年上半年促消费政策、消费品以旧换新政策变化、消费行业景气,46,资讯舆情库,"8月以旧换新类商品增速较快,分析师:促消费政策将进一步加码",0.77,"报告标题：8月以旧换新类商品增速较快,分析师:促消费政策将进一步加码；
撰写时间：2025-09-15 10:53:00；
新闻舆情来源：证券时报网
原文：国家统计局周一公布数据显示，8月社会消费品零售总额同比增长3.4%，增速较1-7月回落0.3个百分点。1-8月，社会消费品零售总额同比增长4.6%，涨幅较前7个月小幅回落0.2个百分点。按消费类型分，8月份，商品零售额35172亿元，同比增长3.6%，涨幅较上月回落0.4个百分点;餐饮收入4496亿元，增长2.1%，涨幅较上月回升1.0个百分点，增速连续两个月回升。消费品以旧换新政策对相关商品销售带动作用继续显现。从主要商品来看，8月份，家具类商品销售额同比大幅增长18.6%，家用电器和音像器材类同比增长14.8%，通讯器材类同比增长7.3%，均处于较高水平。财信金控首席经济学家伍超明对界面新闻表示，近期密集出台的育儿补贴、免除幼儿园大班保育教育费、个人消费贷款和服务业经营主体贷款贴息等多重促消费、惠民生政策，以及股市回暖带来的财富效应，将对未来消费恢复形成重要助力。财政部介绍，2025年育儿补贴、免除幼儿园大班保育教育费两项政策，合计可节省居民支出1200亿元左右。据财信金控测算，结合当前居民边际消费倾向水平，两项政策将拉动全年社零提高0.2个百分点左右。东方金诚首席宏观分析师王青的判断略有不同。他表示，伴随9月以后的上年同期基数显著抬高，社零同比增速下行压力加大。9月消费贷贴息政策落地。从此前四川等地的实施效果来看，这项政策会对商品消费有一定拉动作用，但整体影响可能较为有限。由此，预计9月社零同比或将降至2.5%左右。王青同时提到，接下来伴随出口下行压力逐步显现，国内促消费政策会进一步加码，其中四季度上调以旧换新支持资金额度的可能性很大，也不排除在全国范围内发放消费券，将非耐用消费品纳入支持范围、缓解出口转内销压力的可能。这将带动社零增速由降转升。“预计全年社零增速有望达到4.5%左右，较上年加快1.0个百分点。这是今年宏观政策以促消费为核心，大力提振内需的具体体现。”他表示。经济学人智库高级经济学家徐天辰对界面新闻表示，7月中旬以来新一批国补落地，以及出行餐饮消费旺盛，是提振消费增速的主要动力。往后看，去年9月以后基数上升，可能会造成今年社零同比回落，但局部性、地方性促消费政策还将不断出台，因此消费需求仍不乏动能。",2026-08-15T21:21:06.545299+08:00
gildata,NewsDataQuery,2026年上半年促消费政策、消费品以旧换新政策变化、消费行业景气,47,资讯舆情库,"以旧换新政策持续显效,7月家用电器和音像器材类消费增长近三成",0.77,"报告标题：以旧换新政策持续显效,7月家用电器和音像器材类消费增长近三成；
撰写时间：2025-08-15 11:05:36；
新闻舆情来源：界面
原文：国家统计局周五公布数据显示，7月社会消费品零售总额同比增长3.7%，增速较1-6月回落1.1个百分点。1-7月，社会消费品零售总额同比增长4.8%，涨幅较前6个月小幅回落0.2个百分点。按消费类型分，7月份，商品零售额34276亿元，同比增长4.0%，涨幅较6月回落1.3个百分点;餐饮收入4504亿元，增长1.1%，涨幅较6月回升0.2个百分点。消费品以旧换新政策加力扩围，对相关商品销售带动作用继续显现。从主要商品来看，7月份，增长最快的两类商品分别是家用电器和音像器材类、家居类，增速分别为28.7%和20.6%，均明显快于商品零售额增速，继续支撑商品销售增长。往后看，东方金诚首席宏观分析师王青对界面新闻表示，伴随出口下行压力逐步显现，国内促消费政策会进一步加码，其中上调以旧换新支持资金额度的可能性很大，也不排除在全国范围内发放消费券，将非耐用消费品纳入支持范围、缓解出口转内销压力的可能。王青判断，伴随第三批以旧换新资金恢复领取，8月社零增速有可能小幅加快至5.0%，全年社零增速有望达到6.0%，较上年加快1.5个百分点。这是今年宏观政策以促消费为核心，大力提振内需的具体体现。经济学人智库高级经济学家徐天辰表示，由于目前经济形势尚属稳健，中央财政加码支持消费概率不大，但不妨期待地方提供的财政补贴以及央行的结构性货币性工具。8月1日，国家发展改革委举行新闻发布会，解读当前经济形势和经济工作。国家发展改革委政研室主任、新闻发言人蒋毅在会上透露，今年第三批690亿元支持消费品以旧换新的超长期特别国债资金已下达完毕，将于10月份按计划下达第四批690亿元资金，届时将完成全年3000亿元的下达计划。财信金控首席经济学家伍超明则认为，下半年消费增速或将小幅回落。他指出，一是受高基数和乘数效用边际趋弱的拖累，下半年以旧换新政策的拉动作用大概率减弱。二是随着内外需放缓压力加大，居民就业或明显承压，“就业-收入-消费”循环待畅通，将制约消费能力改善空间。",2026-08-15T21:21:06.545299+08:00
